human_date_time,link,dealised_author_full_name
Wed Jun  1 19:08:41 2005,http://mail-archives.apache.org/mod_mbox/derby-commits/200506.mbox/<20050601190841.2277.qmail@minotaur.apache.org>,samuel andrew mcintyre
Wed Jun  1 19:26:17 2005,http://mail-archives.apache.org/mod_mbox/derby-commits/200506.mbox/<20050601192617.23423.qmail@minotaur.apache.org>,samuel andrew mcintyre
Wed Jun  1 19:26:17 2005,http://mail-archives.apache.org/mod_mbox/derby-commits/200506.mbox/<20050601192617.23423.qmail@minotaur.apache.org>,samuel andrew mcintyre
Fri Jun  3 01:54:33 2005,http://mail-archives.apache.org/mod_mbox/derby-commits/200506.mbox/<20050603015447.70928.qmail@minotaur.apache.org>,samuel andrew mcintyre
Fri Jun  3 01:54:33 2005,http://mail-archives.apache.org/mod_mbox/derby-commits/200506.mbox/<20050603015447.70928.qmail@minotaur.apache.org>,samuel andrew mcintyre
Fri Jun  3 01:54:33 2005,http://mail-archives.apache.org/mod_mbox/derby-commits/200506.mbox/<20050603015447.70928.qmail@minotaur.apache.org>,samuel andrew mcintyre
Fri Jun  3 01:54:33 2005,http://mail-archives.apache.org/mod_mbox/derby-commits/200506.mbox/<20050603015447.70928.qmail@minotaur.apache.org>,samuel andrew mcintyre
Fri Jun  3 01:54:33 2005,http://mail-archives.apache.org/mod_mbox/derby-commits/200506.mbox/<20050603015447.70928.qmail@minotaur.apache.org>,samuel andrew mcintyre
Fri Jun  3 01:54:33 2005,http://mail-archives.apache.org/mod_mbox/derby-commits/200506.mbox/<20050603015447.70928.qmail@minotaur.apache.org>,samuel andrew mcintyre
Fri Jun  3 01:54:33 2005,http://mail-archives.apache.org/mod_mbox/derby-commits/200506.mbox/<20050603015447.70928.qmail@minotaur.apache.org>,samuel andrew mcintyre
Thu Jun  9 05:55:08 2005,http://mail-archives.apache.org/mod_mbox/derby-commits/200506.mbox/<20050609055508.31378.qmail@minotaur.apache.org>,samuel andrew mcintyre
Thu Jun  9 21:58:37 2005,http://mail-archives.apache.org/mod_mbox/derby-commits/200506.mbox/<20050609215837.5299.qmail@minotaur.apache.org>,samuel andrew mcintyre
Thu Jun  9 21:58:37 2005,http://mail-archives.apache.org/mod_mbox/derby-commits/200506.mbox/<20050609215837.5299.qmail@minotaur.apache.org>,samuel andrew mcintyre
Fri Jun 10 00:07:04 2005,http://mail-archives.apache.org/mod_mbox/derby-commits/200506.mbox/<20050610000705.48003.qmail@minotaur.apache.org>,samuel andrew mcintyre
Fri Jun 10 00:07:04 2005,http://mail-archives.apache.org/mod_mbox/derby-commits/200506.mbox/<20050610000705.48003.qmail@minotaur.apache.org>,samuel andrew mcintyre
Fri Jun 10 00:07:04 2005,http://mail-archives.apache.org/mod_mbox/derby-commits/200506.mbox/<20050610000705.48003.qmail@minotaur.apache.org>,samuel andrew mcintyre
Fri Jun 10 03:47:02 2005,http://mail-archives.apache.org/mod_mbox/derby-commits/200506.mbox/<20050610034703.32107.qmail@minotaur.apache.org>,samuel andrew mcintyre
Mon Jun 13 21:37:35 2005,http://mail-archives.apache.org/mod_mbox/derby-commits/200506.mbox/<20050613213737.38947.qmail@minotaur.apache.org>,samuel andrew mcintyre
Mon Jun 13 21:37:35 2005,http://mail-archives.apache.org/mod_mbox/derby-commits/200506.mbox/<20050613213737.38947.qmail@minotaur.apache.org>,samuel andrew mcintyre
Mon Jun 13 21:37:35 2005,http://mail-archives.apache.org/mod_mbox/derby-commits/200506.mbox/<20050613213737.38947.qmail@minotaur.apache.org>,samuel andrew mcintyre
Mon Jun 13 21:37:35 2005,http://mail-archives.apache.org/mod_mbox/derby-commits/200506.mbox/<20050613213737.38947.qmail@minotaur.apache.org>,samuel andrew mcintyre
Mon Jun 13 21:41:35 2005,http://mail-archives.apache.org/mod_mbox/derby-commits/200506.mbox/<20050613214141.40337.qmail@minotaur.apache.org>,samuel andrew mcintyre
Mon Jun 13 21:41:35 2005,http://mail-archives.apache.org/mod_mbox/derby-commits/200506.mbox/<20050613214141.40337.qmail@minotaur.apache.org>,samuel andrew mcintyre
Mon Jun 13 21:41:35 2005,http://mail-archives.apache.org/mod_mbox/derby-commits/200506.mbox/<20050613214141.40337.qmail@minotaur.apache.org>,samuel andrew mcintyre
Mon Jun 13 21:41:35 2005,http://mail-archives.apache.org/mod_mbox/derby-commits/200506.mbox/<20050613214141.40337.qmail@minotaur.apache.org>,samuel andrew mcintyre
Mon Jun 13 21:41:35 2005,http://mail-archives.apache.org/mod_mbox/derby-commits/200506.mbox/<20050613214141.40337.qmail@minotaur.apache.org>,samuel andrew mcintyre
Mon Jun 13 21:41:35 2005,http://mail-archives.apache.org/mod_mbox/derby-commits/200506.mbox/<20050613214141.40337.qmail@minotaur.apache.org>,samuel andrew mcintyre
Mon Jun 13 21:41:35 2005,http://mail-archives.apache.org/mod_mbox/derby-commits/200506.mbox/<20050613214141.40337.qmail@minotaur.apache.org>,samuel andrew mcintyre
Mon Jun 13 21:41:35 2005,http://mail-archives.apache.org/mod_mbox/derby-commits/200506.mbox/<20050613214141.40337.qmail@minotaur.apache.org>,samuel andrew mcintyre
Mon Jun 13 21:41:35 2005,http://mail-archives.apache.org/mod_mbox/derby-commits/200506.mbox/<20050613214141.40337.qmail@minotaur.apache.org>,samuel andrew mcintyre
Mon Jun 13 21:41:35 2005,http://mail-archives.apache.org/mod_mbox/derby-commits/200506.mbox/<20050613214141.40337.qmail@minotaur.apache.org>,samuel andrew mcintyre
Mon Jun 13 21:41:35 2005,http://mail-archives.apache.org/mod_mbox/derby-commits/200506.mbox/<20050613214141.40337.qmail@minotaur.apache.org>,samuel andrew mcintyre
Mon Jun 13 21:41:35 2005,http://mail-archives.apache.org/mod_mbox/derby-commits/200506.mbox/<20050613214141.40337.qmail@minotaur.apache.org>,samuel andrew mcintyre
Mon Jun 13 22:14:36 2005,http://mail-archives.apache.org/mod_mbox/derby-commits/200506.mbox/<20050613221436.51364.qmail@minotaur.apache.org>,samuel andrew mcintyre
Mon Jun 13 22:16:01 2005,http://mail-archives.apache.org/mod_mbox/derby-commits/200506.mbox/<20050613221602.51960.qmail@minotaur.apache.org>,samuel andrew mcintyre
Mon Jun 13 22:25:50 2005,http://mail-archives.apache.org/mod_mbox/derby-commits/200506.mbox/<20050613222550.53786.qmail@minotaur.apache.org>,samuel andrew mcintyre
Tue Jun 14 03:10:06 2005,http://mail-archives.apache.org/mod_mbox/derby-commits/200506.mbox/<20050614031008.52823.qmail@minotaur.apache.org>,samuel andrew mcintyre
Tue Jun 14 03:10:06 2005,http://mail-archives.apache.org/mod_mbox/derby-commits/200506.mbox/<20050614031008.52823.qmail@minotaur.apache.org>,samuel andrew mcintyre
Tue Jun 14 03:10:06 2005,http://mail-archives.apache.org/mod_mbox/derby-commits/200506.mbox/<20050614031008.52823.qmail@minotaur.apache.org>,samuel andrew mcintyre
Tue Jun 14 03:10:06 2005,http://mail-archives.apache.org/mod_mbox/derby-commits/200506.mbox/<20050614031008.52823.qmail@minotaur.apache.org>,samuel andrew mcintyre
Tue Jun 14 03:10:06 2005,http://mail-archives.apache.org/mod_mbox/derby-commits/200506.mbox/<20050614031008.52823.qmail@minotaur.apache.org>,samuel andrew mcintyre
Tue Jun 14 03:10:06 2005,http://mail-archives.apache.org/mod_mbox/derby-commits/200506.mbox/<20050614031008.52823.qmail@minotaur.apache.org>,samuel andrew mcintyre
Tue Jun 14 03:10:06 2005,http://mail-archives.apache.org/mod_mbox/derby-commits/200506.mbox/<20050614031008.52823.qmail@minotaur.apache.org>,samuel andrew mcintyre
Tue Jun 14 03:10:06 2005,http://mail-archives.apache.org/mod_mbox/derby-commits/200506.mbox/<20050614031008.52823.qmail@minotaur.apache.org>,samuel andrew mcintyre
Tue Jun 14 03:10:06 2005,http://mail-archives.apache.org/mod_mbox/derby-commits/200506.mbox/<20050614031008.52823.qmail@minotaur.apache.org>,samuel andrew mcintyre
Tue Jun 14 03:10:06 2005,http://mail-archives.apache.org/mod_mbox/derby-commits/200506.mbox/<20050614031008.52823.qmail@minotaur.apache.org>,samuel andrew mcintyre
Tue Jun 14 03:10:06 2005,http://mail-archives.apache.org/mod_mbox/derby-commits/200506.mbox/<20050614031008.52823.qmail@minotaur.apache.org>,samuel andrew mcintyre
Tue Jun 14 17:11:31 2005,http://mail-archives.apache.org/mod_mbox/derby-commits/200506.mbox/<20050614171133.97210.qmail@minotaur.apache.org>,samuel andrew mcintyre
Tue Jun 14 17:11:31 2005,http://mail-archives.apache.org/mod_mbox/derby-commits/200506.mbox/<20050614171133.97210.qmail@minotaur.apache.org>,samuel andrew mcintyre
Tue Jun 14 17:11:31 2005,http://mail-archives.apache.org/mod_mbox/derby-commits/200506.mbox/<20050614171133.97210.qmail@minotaur.apache.org>,samuel andrew mcintyre
Tue Jun 14 17:11:31 2005,http://mail-archives.apache.org/mod_mbox/derby-commits/200506.mbox/<20050614171133.97210.qmail@minotaur.apache.org>,samuel andrew mcintyre
Tue Jun 14 17:11:31 2005,http://mail-archives.apache.org/mod_mbox/derby-commits/200506.mbox/<20050614171133.97210.qmail@minotaur.apache.org>,samuel andrew mcintyre
Tue Jun 14 17:11:31 2005,http://mail-archives.apache.org/mod_mbox/derby-commits/200506.mbox/<20050614171133.97210.qmail@minotaur.apache.org>,samuel andrew mcintyre
Tue Jun 14 17:11:31 2005,http://mail-archives.apache.org/mod_mbox/derby-commits/200506.mbox/<20050614171133.97210.qmail@minotaur.apache.org>,samuel andrew mcintyre
Tue Jun 14 17:11:31 2005,http://mail-archives.apache.org/mod_mbox/derby-commits/200506.mbox/<20050614171133.97210.qmail@minotaur.apache.org>,samuel andrew mcintyre
Tue Jun 14 17:11:31 2005,http://mail-archives.apache.org/mod_mbox/derby-commits/200506.mbox/<20050614171133.97210.qmail@minotaur.apache.org>,samuel andrew mcintyre
Tue Jun 14 17:11:31 2005,http://mail-archives.apache.org/mod_mbox/derby-commits/200506.mbox/<20050614171133.97210.qmail@minotaur.apache.org>,samuel andrew mcintyre
Tue Jun 14 17:11:31 2005,http://mail-archives.apache.org/mod_mbox/derby-commits/200506.mbox/<20050614171133.97210.qmail@minotaur.apache.org>,samuel andrew mcintyre
Wed Jun 15 20:48:36 2005,http://mail-archives.apache.org/mod_mbox/derby-commits/200506.mbox/<20050615204838.12950.qmail@minotaur.apache.org>,samuel andrew mcintyre
Wed Jun 15 20:48:36 2005,http://mail-archives.apache.org/mod_mbox/derby-commits/200506.mbox/<20050615204838.12950.qmail@minotaur.apache.org>,samuel andrew mcintyre
Wed Jun 15 20:48:36 2005,http://mail-archives.apache.org/mod_mbox/derby-commits/200506.mbox/<20050615204838.12950.qmail@minotaur.apache.org>,samuel andrew mcintyre
Wed Jun 15 20:48:36 2005,http://mail-archives.apache.org/mod_mbox/derby-commits/200506.mbox/<20050615204838.12950.qmail@minotaur.apache.org>,samuel andrew mcintyre
Wed Jun 15 20:48:36 2005,http://mail-archives.apache.org/mod_mbox/derby-commits/200506.mbox/<20050615204838.12950.qmail@minotaur.apache.org>,samuel andrew mcintyre
Wed Jun 15 20:48:36 2005,http://mail-archives.apache.org/mod_mbox/derby-commits/200506.mbox/<20050615204838.12950.qmail@minotaur.apache.org>,samuel andrew mcintyre
Wed Jun 15 20:49:32 2005,http://mail-archives.apache.org/mod_mbox/derby-commits/200506.mbox/<20050615204933.13165.qmail@minotaur.apache.org>,samuel andrew mcintyre
Wed Jun 15 20:49:32 2005,http://mail-archives.apache.org/mod_mbox/derby-commits/200506.mbox/<20050615204933.13165.qmail@minotaur.apache.org>,samuel andrew mcintyre
Wed Jun 15 20:49:32 2005,http://mail-archives.apache.org/mod_mbox/derby-commits/200506.mbox/<20050615204933.13165.qmail@minotaur.apache.org>,samuel andrew mcintyre
Wed Jun 15 20:49:32 2005,http://mail-archives.apache.org/mod_mbox/derby-commits/200506.mbox/<20050615204933.13165.qmail@minotaur.apache.org>,samuel andrew mcintyre
Wed Jun 15 20:49:32 2005,http://mail-archives.apache.org/mod_mbox/derby-commits/200506.mbox/<20050615204933.13165.qmail@minotaur.apache.org>,samuel andrew mcintyre
Wed Jun 15 20:49:32 2005,http://mail-archives.apache.org/mod_mbox/derby-commits/200506.mbox/<20050615204933.13165.qmail@minotaur.apache.org>,samuel andrew mcintyre
Thu Jun 16 04:59:07 2005,http://mail-archives.apache.org/mod_mbox/derby-commits/200506.mbox/<20050616045907.75980.qmail@minotaur.apache.org>,samuel andrew mcintyre
Thu Jun 16 17:35:55 2005,http://mail-archives.apache.org/mod_mbox/derby-commits/200506.mbox/<20050616173557.21919.qmail@minotaur.apache.org>,samuel andrew mcintyre
Thu Jun 16 17:35:55 2005,http://mail-archives.apache.org/mod_mbox/derby-commits/200506.mbox/<20050616173557.21919.qmail@minotaur.apache.org>,samuel andrew mcintyre
Thu Jun 16 17:35:55 2005,http://mail-archives.apache.org/mod_mbox/derby-commits/200506.mbox/<20050616173557.21919.qmail@minotaur.apache.org>,samuel andrew mcintyre
Thu Jun 16 17:35:55 2005,http://mail-archives.apache.org/mod_mbox/derby-commits/200506.mbox/<20050616173557.21919.qmail@minotaur.apache.org>,samuel andrew mcintyre
Thu Jun 16 17:35:55 2005,http://mail-archives.apache.org/mod_mbox/derby-commits/200506.mbox/<20050616173557.21919.qmail@minotaur.apache.org>,samuel andrew mcintyre
Thu Jun 16 17:35:55 2005,http://mail-archives.apache.org/mod_mbox/derby-commits/200506.mbox/<20050616173557.21919.qmail@minotaur.apache.org>,samuel andrew mcintyre
Thu Jun 16 17:35:55 2005,http://mail-archives.apache.org/mod_mbox/derby-commits/200506.mbox/<20050616173557.21919.qmail@minotaur.apache.org>,samuel andrew mcintyre
Thu Jun 16 17:35:55 2005,http://mail-archives.apache.org/mod_mbox/derby-commits/200506.mbox/<20050616173557.21919.qmail@minotaur.apache.org>,samuel andrew mcintyre
Thu Jun 16 17:35:55 2005,http://mail-archives.apache.org/mod_mbox/derby-commits/200506.mbox/<20050616173557.21919.qmail@minotaur.apache.org>,samuel andrew mcintyre
Thu Jun 16 17:35:55 2005,http://mail-archives.apache.org/mod_mbox/derby-commits/200506.mbox/<20050616173557.21919.qmail@minotaur.apache.org>,samuel andrew mcintyre
Thu Jun 16 18:15:57 2005,http://mail-archives.apache.org/mod_mbox/derby-commits/200506.mbox/<20050616181558.42689.qmail@minotaur.apache.org>,samuel andrew mcintyre
Thu Jun 23 06:19:51 2005,http://mail-archives.apache.org/mod_mbox/derby-commits/200506.mbox/<20050623061951.87024.qmail@minotaur.apache.org>,samuel andrew mcintyre
Tue Jun 28 22:46:37 2005,http://mail-archives.apache.org/mod_mbox/derby-commits/200506.mbox/<20050628224813.60300.qmail@minotaur.apache.org>,samuel andrew mcintyre
Tue Jun 28 22:46:37 2005,http://mail-archives.apache.org/mod_mbox/derby-commits/200506.mbox/<20050628224813.60300.qmail@minotaur.apache.org>,samuel andrew mcintyre
Tue Jun 28 22:46:37 2005,http://mail-archives.apache.org/mod_mbox/derby-commits/200506.mbox/<20050628224813.60300.qmail@minotaur.apache.org>,samuel andrew mcintyre
Tue Jun 28 22:46:37 2005,http://mail-archives.apache.org/mod_mbox/derby-commits/200506.mbox/<20050628224813.60300.qmail@minotaur.apache.org>,samuel andrew mcintyre
Tue Jun 28 22:46:37 2005,http://mail-archives.apache.org/mod_mbox/derby-commits/200506.mbox/<20050628224813.60300.qmail@minotaur.apache.org>,samuel andrew mcintyre
Tue Jun 28 22:46:37 2005,http://mail-archives.apache.org/mod_mbox/derby-commits/200506.mbox/<20050628224813.60300.qmail@minotaur.apache.org>,samuel andrew mcintyre
Tue Jun 28 22:46:37 2005,http://mail-archives.apache.org/mod_mbox/derby-commits/200506.mbox/<20050628224813.60300.qmail@minotaur.apache.org>,samuel andrew mcintyre
Tue Jun 28 22:46:37 2005,http://mail-archives.apache.org/mod_mbox/derby-commits/200506.mbox/<20050628224813.60300.qmail@minotaur.apache.org>,samuel andrew mcintyre
Tue Jun 28 22:46:37 2005,http://mail-archives.apache.org/mod_mbox/derby-commits/200506.mbox/<20050628224813.60300.qmail@minotaur.apache.org>,samuel andrew mcintyre
Tue Jun 28 22:46:37 2005,http://mail-archives.apache.org/mod_mbox/derby-commits/200506.mbox/<20050628224813.60300.qmail@minotaur.apache.org>,samuel andrew mcintyre
Tue Jun 28 22:46:37 2005,http://mail-archives.apache.org/mod_mbox/derby-commits/200506.mbox/<20050628224813.60300.qmail@minotaur.apache.org>,samuel andrew mcintyre
Tue Jun 28 22:46:37 2005,http://mail-archives.apache.org/mod_mbox/derby-commits/200506.mbox/<20050628224813.60300.qmail@minotaur.apache.org>,samuel andrew mcintyre
Tue Jun 28 22:46:37 2005,http://mail-archives.apache.org/mod_mbox/derby-commits/200506.mbox/<20050628224813.60300.qmail@minotaur.apache.org>,samuel andrew mcintyre
Tue Jun 28 22:46:37 2005,http://mail-archives.apache.org/mod_mbox/derby-commits/200506.mbox/<20050628224813.60300.qmail@minotaur.apache.org>,samuel andrew mcintyre
Tue Jun 28 22:46:37 2005,http://mail-archives.apache.org/mod_mbox/derby-commits/200506.mbox/<20050628224813.60300.qmail@minotaur.apache.org>,samuel andrew mcintyre
Tue Jun 28 22:46:37 2005,http://mail-archives.apache.org/mod_mbox/derby-commits/200506.mbox/<20050628224813.60300.qmail@minotaur.apache.org>,samuel andrew mcintyre
Tue Jun 28 22:46:37 2005,http://mail-archives.apache.org/mod_mbox/derby-commits/200506.mbox/<20050628224813.60300.qmail@minotaur.apache.org>,samuel andrew mcintyre
Tue Jun 28 22:46:37 2005,http://mail-archives.apache.org/mod_mbox/derby-commits/200506.mbox/<20050628224813.60300.qmail@minotaur.apache.org>,samuel andrew mcintyre
Tue Jun 28 22:46:37 2005,http://mail-archives.apache.org/mod_mbox/derby-commits/200506.mbox/<20050628224813.60300.qmail@minotaur.apache.org>,samuel andrew mcintyre
Wed Jun 29 18:44:40 2005,http://mail-archives.apache.org/mod_mbox/derby-commits/200506.mbox/<20050629184440.36333.qmail@minotaur.apache.org>,samuel andrew mcintyre
Wed Jun 29 18:44:40 2005,http://mail-archives.apache.org/mod_mbox/derby-commits/200506.mbox/<20050629184440.36333.qmail@minotaur.apache.org>,samuel andrew mcintyre
Wed Jun 29 18:44:40 2005,http://mail-archives.apache.org/mod_mbox/derby-commits/200506.mbox/<20050629184440.36333.qmail@minotaur.apache.org>,samuel andrew mcintyre
Wed Jun 29 18:44:40 2005,http://mail-archives.apache.org/mod_mbox/derby-commits/200506.mbox/<20050629184440.36333.qmail@minotaur.apache.org>,samuel andrew mcintyre
Wed Jun 29 21:13:28 2005,http://mail-archives.apache.org/mod_mbox/derby-commits/200506.mbox/<20050629211329.12460.qmail@minotaur.apache.org>,samuel andrew mcintyre
Thu Jun 30 04:36:22 2005,http://mail-archives.apache.org/mod_mbox/derby-commits/200506.mbox/<20050630043623.68357.qmail@minotaur.apache.org>,samuel andrew mcintyre
Thu Jun 30 04:36:22 2005,http://mail-archives.apache.org/mod_mbox/derby-commits/200506.mbox/<20050630043623.68357.qmail@minotaur.apache.org>,samuel andrew mcintyre
Thu Jun 30 06:30:58 2005,http://mail-archives.apache.org/mod_mbox/derby-commits/200506.mbox/<20050630063059.96387.qmail@minotaur.apache.org>,samuel andrew mcintyre
Thu Jun 30 06:30:58 2005,http://mail-archives.apache.org/mod_mbox/derby-commits/200506.mbox/<20050630063059.96387.qmail@minotaur.apache.org>,samuel andrew mcintyre
Thu Jun 30 06:30:58 2005,http://mail-archives.apache.org/mod_mbox/derby-commits/200506.mbox/<20050630063059.96387.qmail@minotaur.apache.org>,samuel andrew mcintyre
Thu Jun 30 22:34:59 2005,http://mail-archives.apache.org/mod_mbox/derby-commits/200506.mbox/<20050630223537.55427.qmail@minotaur.apache.org>,samuel andrew mcintyre
Thu Jun 30 22:34:59 2005,http://mail-archives.apache.org/mod_mbox/derby-commits/200506.mbox/<20050630223537.55427.qmail@minotaur.apache.org>,samuel andrew mcintyre
Thu Jun 30 22:34:59 2005,http://mail-archives.apache.org/mod_mbox/derby-commits/200506.mbox/<20050630223537.55427.qmail@minotaur.apache.org>,samuel andrew mcintyre
Thu Jun 30 22:34:59 2005,http://mail-archives.apache.org/mod_mbox/derby-commits/200506.mbox/<20050630223537.55427.qmail@minotaur.apache.org>,samuel andrew mcintyre
Thu Jun 30 22:34:59 2005,http://mail-archives.apache.org/mod_mbox/derby-commits/200506.mbox/<20050630223537.55427.qmail@minotaur.apache.org>,samuel andrew mcintyre
Thu Jun 30 22:34:59 2005,http://mail-archives.apache.org/mod_mbox/derby-commits/200506.mbox/<20050630223537.55427.qmail@minotaur.apache.org>,samuel andrew mcintyre
Thu Jun 30 22:34:59 2005,http://mail-archives.apache.org/mod_mbox/derby-commits/200506.mbox/<20050630223537.55427.qmail@minotaur.apache.org>,samuel andrew mcintyre
Thu Jun 30 22:34:59 2005,http://mail-archives.apache.org/mod_mbox/derby-commits/200506.mbox/<20050630223537.55427.qmail@minotaur.apache.org>,samuel andrew mcintyre
Thu Jun 30 22:34:59 2005,http://mail-archives.apache.org/mod_mbox/derby-commits/200506.mbox/<20050630223537.55427.qmail@minotaur.apache.org>,samuel andrew mcintyre
Thu Jun 30 22:34:59 2005,http://mail-archives.apache.org/mod_mbox/derby-commits/200506.mbox/<20050630223537.55427.qmail@minotaur.apache.org>,samuel andrew mcintyre
Thu Jun 30 22:34:59 2005,http://mail-archives.apache.org/mod_mbox/derby-commits/200506.mbox/<20050630223537.55427.qmail@minotaur.apache.org>,samuel andrew mcintyre
Thu Jun 30 22:34:59 2005,http://mail-archives.apache.org/mod_mbox/derby-commits/200506.mbox/<20050630223537.55427.qmail@minotaur.apache.org>,samuel andrew mcintyre
Thu Jun 30 22:34:59 2005,http://mail-archives.apache.org/mod_mbox/derby-commits/200506.mbox/<20050630223537.55427.qmail@minotaur.apache.org>,samuel andrew mcintyre
Thu Jun 30 22:34:59 2005,http://mail-archives.apache.org/mod_mbox/derby-commits/200506.mbox/<20050630223537.55427.qmail@minotaur.apache.org>,samuel andrew mcintyre
Thu Jun 30 22:34:59 2005,http://mail-archives.apache.org/mod_mbox/derby-commits/200506.mbox/<20050630223537.55427.qmail@minotaur.apache.org>,samuel andrew mcintyre
Thu Jun 30 22:34:59 2005,http://mail-archives.apache.org/mod_mbox/derby-commits/200506.mbox/<20050630223537.55427.qmail@minotaur.apache.org>,samuel andrew mcintyre
Thu Jun 30 22:34:59 2005,http://mail-archives.apache.org/mod_mbox/derby-commits/200506.mbox/<20050630223537.55427.qmail@minotaur.apache.org>,samuel andrew mcintyre
Thu Jun 30 22:34:59 2005,http://mail-archives.apache.org/mod_mbox/derby-commits/200506.mbox/<20050630223537.55427.qmail@minotaur.apache.org>,samuel andrew mcintyre
Thu Jun 30 22:34:59 2005,http://mail-archives.apache.org/mod_mbox/derby-commits/200506.mbox/<20050630223537.55427.qmail@minotaur.apache.org>,samuel andrew mcintyre
Thu Jun 30 22:34:59 2005,http://mail-archives.apache.org/mod_mbox/derby-commits/200506.mbox/<20050630223537.55427.qmail@minotaur.apache.org>,samuel andrew mcintyre
Thu Jun 30 22:34:59 2005,http://mail-archives.apache.org/mod_mbox/derby-commits/200506.mbox/<20050630223537.55427.qmail@minotaur.apache.org>,samuel andrew mcintyre
Thu Jun 30 22:34:59 2005,http://mail-archives.apache.org/mod_mbox/derby-commits/200506.mbox/<20050630223537.55427.qmail@minotaur.apache.org>,samuel andrew mcintyre
Thu Jun 30 22:34:59 2005,http://mail-archives.apache.org/mod_mbox/derby-commits/200506.mbox/<20050630223537.55427.qmail@minotaur.apache.org>,samuel andrew mcintyre
Thu Jun 30 22:34:59 2005,http://mail-archives.apache.org/mod_mbox/derby-commits/200506.mbox/<20050630223537.55427.qmail@minotaur.apache.org>,samuel andrew mcintyre
Thu Jun 30 22:34:59 2005,http://mail-archives.apache.org/mod_mbox/derby-commits/200506.mbox/<20050630223537.55427.qmail@minotaur.apache.org>,samuel andrew mcintyre
Thu Jun 30 22:34:59 2005,http://mail-archives.apache.org/mod_mbox/derby-commits/200506.mbox/<20050630223537.55427.qmail@minotaur.apache.org>,samuel andrew mcintyre
Thu Jun 30 22:34:59 2005,http://mail-archives.apache.org/mod_mbox/derby-commits/200506.mbox/<20050630223537.55427.qmail@minotaur.apache.org>,samuel andrew mcintyre
Thu Jun 30 22:34:59 2005,http://mail-archives.apache.org/mod_mbox/derby-commits/200506.mbox/<20050630223537.55427.qmail@minotaur.apache.org>,samuel andrew mcintyre
Thu Jun 30 22:34:59 2005,http://mail-archives.apache.org/mod_mbox/derby-commits/200506.mbox/<20050630223537.55427.qmail@minotaur.apache.org>,samuel andrew mcintyre
Thu Jun 30 22:34:59 2005,http://mail-archives.apache.org/mod_mbox/derby-commits/200506.mbox/<20050630223537.55427.qmail@minotaur.apache.org>,samuel andrew mcintyre
Thu Jun 30 22:34:59 2005,http://mail-archives.apache.org/mod_mbox/derby-commits/200506.mbox/<20050630223537.55427.qmail@minotaur.apache.org>,samuel andrew mcintyre
Thu Jun 30 22:34:59 2005,http://mail-archives.apache.org/mod_mbox/derby-commits/200506.mbox/<20050630223537.55427.qmail@minotaur.apache.org>,samuel andrew mcintyre
Thu Jun 30 22:34:59 2005,http://mail-archives.apache.org/mod_mbox/derby-commits/200506.mbox/<20050630223537.55427.qmail@minotaur.apache.org>,samuel andrew mcintyre
Thu Jun 30 22:34:59 2005,http://mail-archives.apache.org/mod_mbox/derby-commits/200506.mbox/<20050630223537.55427.qmail@minotaur.apache.org>,samuel andrew mcintyre
Thu Jun 30 22:34:59 2005,http://mail-archives.apache.org/mod_mbox/derby-commits/200506.mbox/<20050630223537.55427.qmail@minotaur.apache.org>,samuel andrew mcintyre
Thu Jun 30 22:34:59 2005,http://mail-archives.apache.org/mod_mbox/derby-commits/200506.mbox/<20050630223537.55427.qmail@minotaur.apache.org>,samuel andrew mcintyre
Thu Jun 30 22:34:59 2005,http://mail-archives.apache.org/mod_mbox/derby-commits/200506.mbox/<20050630223537.55427.qmail@minotaur.apache.org>,samuel andrew mcintyre
Thu Jun 30 22:34:59 2005,http://mail-archives.apache.org/mod_mbox/derby-commits/200506.mbox/<20050630223537.55427.qmail@minotaur.apache.org>,samuel andrew mcintyre
Thu Jun 30 22:34:59 2005,http://mail-archives.apache.org/mod_mbox/derby-commits/200506.mbox/<20050630223537.55427.qmail@minotaur.apache.org>,samuel andrew mcintyre
Thu Jun 30 22:34:59 2005,http://mail-archives.apache.org/mod_mbox/derby-commits/200506.mbox/<20050630223537.55427.qmail@minotaur.apache.org>,samuel andrew mcintyre
Thu Jun 30 22:34:59 2005,http://mail-archives.apache.org/mod_mbox/derby-commits/200506.mbox/<20050630223537.55427.qmail@minotaur.apache.org>,samuel andrew mcintyre
Thu Jun 30 22:34:59 2005,http://mail-archives.apache.org/mod_mbox/derby-commits/200506.mbox/<20050630223537.55427.qmail@minotaur.apache.org>,samuel andrew mcintyre
Thu Jun 30 22:34:59 2005,http://mail-archives.apache.org/mod_mbox/derby-commits/200506.mbox/<20050630223537.55427.qmail@minotaur.apache.org>,samuel andrew mcintyre
Thu Jun 30 22:34:59 2005,http://mail-archives.apache.org/mod_mbox/derby-commits/200506.mbox/<20050630223537.55427.qmail@minotaur.apache.org>,samuel andrew mcintyre
Thu Jun 30 22:34:59 2005,http://mail-archives.apache.org/mod_mbox/derby-commits/200506.mbox/<20050630223537.55427.qmail@minotaur.apache.org>,samuel andrew mcintyre
Thu Jun 30 22:34:59 2005,http://mail-archives.apache.org/mod_mbox/derby-commits/200506.mbox/<20050630223537.55427.qmail@minotaur.apache.org>,samuel andrew mcintyre
Thu Jun 30 22:34:59 2005,http://mail-archives.apache.org/mod_mbox/derby-commits/200506.mbox/<20050630223537.55427.qmail@minotaur.apache.org>,samuel andrew mcintyre
Thu Jun 30 22:34:59 2005,http://mail-archives.apache.org/mod_mbox/derby-commits/200506.mbox/<20050630223537.55427.qmail@minotaur.apache.org>,samuel andrew mcintyre
Thu Jun 30 22:34:59 2005,http://mail-archives.apache.org/mod_mbox/derby-commits/200506.mbox/<20050630223537.55427.qmail@minotaur.apache.org>,samuel andrew mcintyre
Thu Jun 30 22:34:59 2005,http://mail-archives.apache.org/mod_mbox/derby-commits/200506.mbox/<20050630223537.55427.qmail@minotaur.apache.org>,samuel andrew mcintyre
Thu Jun 30 22:34:59 2005,http://mail-archives.apache.org/mod_mbox/derby-commits/200506.mbox/<20050630223537.55427.qmail@minotaur.apache.org>,samuel andrew mcintyre
Thu Jun 30 22:34:59 2005,http://mail-archives.apache.org/mod_mbox/derby-commits/200506.mbox/<20050630223537.55427.qmail@minotaur.apache.org>,samuel andrew mcintyre
Thu Jun 30 22:34:59 2005,http://mail-archives.apache.org/mod_mbox/derby-commits/200506.mbox/<20050630223537.55427.qmail@minotaur.apache.org>,samuel andrew mcintyre
Thu Jun 30 22:34:59 2005,http://mail-archives.apache.org/mod_mbox/derby-commits/200506.mbox/<20050630223537.55427.qmail@minotaur.apache.org>,samuel andrew mcintyre
Thu Jun 30 22:34:59 2005,http://mail-archives.apache.org/mod_mbox/derby-commits/200506.mbox/<20050630223537.55427.qmail@minotaur.apache.org>,samuel andrew mcintyre
Thu Jun 30 22:34:59 2005,http://mail-archives.apache.org/mod_mbox/derby-commits/200506.mbox/<20050630223537.55427.qmail@minotaur.apache.org>,samuel andrew mcintyre
Thu Jun 30 22:34:59 2005,http://mail-archives.apache.org/mod_mbox/derby-commits/200506.mbox/<20050630223537.55427.qmail@minotaur.apache.org>,samuel andrew mcintyre
Thu Jun 30 22:34:59 2005,http://mail-archives.apache.org/mod_mbox/derby-commits/200506.mbox/<20050630223537.55427.qmail@minotaur.apache.org>,samuel andrew mcintyre
Thu Jun 30 22:34:59 2005,http://mail-archives.apache.org/mod_mbox/derby-commits/200506.mbox/<20050630223537.55427.qmail@minotaur.apache.org>,samuel andrew mcintyre
Thu Jun 30 22:34:59 2005,http://mail-archives.apache.org/mod_mbox/derby-commits/200506.mbox/<20050630223537.55427.qmail@minotaur.apache.org>,samuel andrew mcintyre
Thu Jun 30 22:34:59 2005,http://mail-archives.apache.org/mod_mbox/derby-commits/200506.mbox/<20050630223537.55427.qmail@minotaur.apache.org>,samuel andrew mcintyre
Thu Jun 30 22:34:59 2005,http://mail-archives.apache.org/mod_mbox/derby-commits/200506.mbox/<20050630223537.55427.qmail@minotaur.apache.org>,samuel andrew mcintyre
Thu Jun 30 22:34:59 2005,http://mail-archives.apache.org/mod_mbox/derby-commits/200506.mbox/<20050630223537.55427.qmail@minotaur.apache.org>,samuel andrew mcintyre
Thu Jun 30 22:34:59 2005,http://mail-archives.apache.org/mod_mbox/derby-commits/200506.mbox/<20050630223537.55427.qmail@minotaur.apache.org>,samuel andrew mcintyre
Thu Jun 30 22:34:59 2005,http://mail-archives.apache.org/mod_mbox/derby-commits/200506.mbox/<20050630223537.55427.qmail@minotaur.apache.org>,samuel andrew mcintyre
Thu Jun 30 22:34:59 2005,http://mail-archives.apache.org/mod_mbox/derby-commits/200506.mbox/<20050630223537.55427.qmail@minotaur.apache.org>,samuel andrew mcintyre
Thu Jun 30 22:34:59 2005,http://mail-archives.apache.org/mod_mbox/derby-commits/200506.mbox/<20050630223537.55427.qmail@minotaur.apache.org>,samuel andrew mcintyre
Thu Jun 30 22:34:59 2005,http://mail-archives.apache.org/mod_mbox/derby-commits/200506.mbox/<20050630223537.55427.qmail@minotaur.apache.org>,samuel andrew mcintyre
Thu Jun 30 22:34:59 2005,http://mail-archives.apache.org/mod_mbox/derby-commits/200506.mbox/<20050630223537.55427.qmail@minotaur.apache.org>,samuel andrew mcintyre
Thu Jun 30 22:34:59 2005,http://mail-archives.apache.org/mod_mbox/derby-commits/200506.mbox/<20050630223537.55427.qmail@minotaur.apache.org>,samuel andrew mcintyre
Thu Jun 30 22:34:59 2005,http://mail-archives.apache.org/mod_mbox/derby-commits/200506.mbox/<20050630223537.55427.qmail@minotaur.apache.org>,samuel andrew mcintyre
Thu Jun 30 22:34:59 2005,http://mail-archives.apache.org/mod_mbox/derby-commits/200506.mbox/<20050630223537.55427.qmail@minotaur.apache.org>,samuel andrew mcintyre
Thu Jun 30 22:34:59 2005,http://mail-archives.apache.org/mod_mbox/derby-commits/200506.mbox/<20050630223537.55427.qmail@minotaur.apache.org>,samuel andrew mcintyre
Thu Jun 30 22:34:59 2005,http://mail-archives.apache.org/mod_mbox/derby-commits/200506.mbox/<20050630223537.55427.qmail@minotaur.apache.org>,samuel andrew mcintyre
Thu Jun 30 22:34:59 2005,http://mail-archives.apache.org/mod_mbox/derby-commits/200506.mbox/<20050630223537.55427.qmail@minotaur.apache.org>,samuel andrew mcintyre
Thu Jun 30 22:34:59 2005,http://mail-archives.apache.org/mod_mbox/derby-commits/200506.mbox/<20050630223537.55427.qmail@minotaur.apache.org>,samuel andrew mcintyre
Thu Jun 30 22:34:59 2005,http://mail-archives.apache.org/mod_mbox/derby-commits/200506.mbox/<20050630223537.55427.qmail@minotaur.apache.org>,samuel andrew mcintyre
Thu Jun 30 22:34:59 2005,http://mail-archives.apache.org/mod_mbox/derby-commits/200506.mbox/<20050630223537.55427.qmail@minotaur.apache.org>,samuel andrew mcintyre
Thu Jun 30 22:34:59 2005,http://mail-archives.apache.org/mod_mbox/derby-commits/200506.mbox/<20050630223537.55427.qmail@minotaur.apache.org>,samuel andrew mcintyre
Thu Jun 30 22:34:59 2005,http://mail-archives.apache.org/mod_mbox/derby-commits/200506.mbox/<20050630223537.55427.qmail@minotaur.apache.org>,samuel andrew mcintyre
Thu Jun 30 22:52:29 2005,http://mail-archives.apache.org/mod_mbox/derby-commits/200506.mbox/<20050630225236.59788.qmail@minotaur.apache.org>,samuel andrew mcintyre
Thu Jun 30 22:52:29 2005,http://mail-archives.apache.org/mod_mbox/derby-commits/200506.mbox/<20050630225236.59788.qmail@minotaur.apache.org>,samuel andrew mcintyre
Thu Jun 30 22:52:29 2005,http://mail-archives.apache.org/mod_mbox/derby-commits/200506.mbox/<20050630225236.59788.qmail@minotaur.apache.org>,samuel andrew mcintyre
Thu Jun 30 22:52:29 2005,http://mail-archives.apache.org/mod_mbox/derby-commits/200506.mbox/<20050630225236.59788.qmail@minotaur.apache.org>,samuel andrew mcintyre
Thu Jun 30 22:52:29 2005,http://mail-archives.apache.org/mod_mbox/derby-commits/200506.mbox/<20050630225236.59788.qmail@minotaur.apache.org>,samuel andrew mcintyre
Thu Jun 30 22:52:29 2005,http://mail-archives.apache.org/mod_mbox/derby-commits/200506.mbox/<20050630225236.59788.qmail@minotaur.apache.org>,samuel andrew mcintyre
Thu Jun 30 22:52:29 2005,http://mail-archives.apache.org/mod_mbox/derby-commits/200506.mbox/<20050630225236.59788.qmail@minotaur.apache.org>,samuel andrew mcintyre
Thu Jun 30 22:52:29 2005,http://mail-archives.apache.org/mod_mbox/derby-commits/200506.mbox/<20050630225236.59788.qmail@minotaur.apache.org>,samuel andrew mcintyre
Thu Jun 30 22:52:29 2005,http://mail-archives.apache.org/mod_mbox/derby-commits/200506.mbox/<20050630225236.59788.qmail@minotaur.apache.org>,samuel andrew mcintyre
Thu Jun 30 22:52:29 2005,http://mail-archives.apache.org/mod_mbox/derby-commits/200506.mbox/<20050630225236.59788.qmail@minotaur.apache.org>,samuel andrew mcintyre
Thu Jun 30 22:52:29 2005,http://mail-archives.apache.org/mod_mbox/derby-commits/200506.mbox/<20050630225236.59788.qmail@minotaur.apache.org>,samuel andrew mcintyre
Thu Jun 30 22:52:29 2005,http://mail-archives.apache.org/mod_mbox/derby-commits/200506.mbox/<20050630225236.59788.qmail@minotaur.apache.org>,samuel andrew mcintyre
Thu Jun 30 22:52:29 2005,http://mail-archives.apache.org/mod_mbox/derby-commits/200506.mbox/<20050630225236.59788.qmail@minotaur.apache.org>,samuel andrew mcintyre
Thu Jun 30 22:52:29 2005,http://mail-archives.apache.org/mod_mbox/derby-commits/200506.mbox/<20050630225236.59788.qmail@minotaur.apache.org>,samuel andrew mcintyre
Thu Jun 30 22:52:29 2005,http://mail-archives.apache.org/mod_mbox/derby-commits/200506.mbox/<20050630225236.59788.qmail@minotaur.apache.org>,samuel andrew mcintyre
Thu Jun 30 22:52:29 2005,http://mail-archives.apache.org/mod_mbox/derby-commits/200506.mbox/<20050630225236.59788.qmail@minotaur.apache.org>,samuel andrew mcintyre
Thu Jun 30 22:52:29 2005,http://mail-archives.apache.org/mod_mbox/derby-commits/200506.mbox/<20050630225236.59788.qmail@minotaur.apache.org>,samuel andrew mcintyre
Thu Jun 30 22:52:29 2005,http://mail-archives.apache.org/mod_mbox/derby-commits/200506.mbox/<20050630225236.59788.qmail@minotaur.apache.org>,samuel andrew mcintyre
Thu Jun 30 22:52:29 2005,http://mail-archives.apache.org/mod_mbox/derby-commits/200506.mbox/<20050630225236.59788.qmail@minotaur.apache.org>,samuel andrew mcintyre
Thu Jun 30 22:52:29 2005,http://mail-archives.apache.org/mod_mbox/derby-commits/200506.mbox/<20050630225236.59788.qmail@minotaur.apache.org>,samuel andrew mcintyre
Thu Jun 30 22:52:29 2005,http://mail-archives.apache.org/mod_mbox/derby-commits/200506.mbox/<20050630225236.59788.qmail@minotaur.apache.org>,samuel andrew mcintyre
Thu Jun 30 22:52:29 2005,http://mail-archives.apache.org/mod_mbox/derby-commits/200506.mbox/<20050630225236.59788.qmail@minotaur.apache.org>,samuel andrew mcintyre
Thu Jun 30 22:52:29 2005,http://mail-archives.apache.org/mod_mbox/derby-commits/200506.mbox/<20050630225236.59788.qmail@minotaur.apache.org>,samuel andrew mcintyre
Thu Jun 30 22:52:29 2005,http://mail-archives.apache.org/mod_mbox/derby-commits/200506.mbox/<20050630225236.59788.qmail@minotaur.apache.org>,samuel andrew mcintyre
Thu Jun 30 22:52:29 2005,http://mail-archives.apache.org/mod_mbox/derby-commits/200506.mbox/<20050630225236.59788.qmail@minotaur.apache.org>,samuel andrew mcintyre
Thu Jun 30 22:52:29 2005,http://mail-archives.apache.org/mod_mbox/derby-commits/200506.mbox/<20050630225236.59788.qmail@minotaur.apache.org>,samuel andrew mcintyre
Thu Jun 30 22:52:29 2005,http://mail-archives.apache.org/mod_mbox/derby-commits/200506.mbox/<20050630225236.59788.qmail@minotaur.apache.org>,samuel andrew mcintyre
Thu Jun 30 22:52:29 2005,http://mail-archives.apache.org/mod_mbox/derby-commits/200506.mbox/<20050630225236.59788.qmail@minotaur.apache.org>,samuel andrew mcintyre
Thu Jun 30 22:52:29 2005,http://mail-archives.apache.org/mod_mbox/derby-commits/200506.mbox/<20050630225236.59788.qmail@minotaur.apache.org>,samuel andrew mcintyre
Thu Jun 30 22:52:29 2005,http://mail-archives.apache.org/mod_mbox/derby-commits/200506.mbox/<20050630225236.59788.qmail@minotaur.apache.org>,samuel andrew mcintyre
Thu Jun 30 22:52:29 2005,http://mail-archives.apache.org/mod_mbox/derby-commits/200506.mbox/<20050630225236.59788.qmail@minotaur.apache.org>,samuel andrew mcintyre
Thu Jun 30 22:52:29 2005,http://mail-archives.apache.org/mod_mbox/derby-commits/200506.mbox/<20050630225236.59788.qmail@minotaur.apache.org>,samuel andrew mcintyre
Thu Jun 30 22:52:29 2005,http://mail-archives.apache.org/mod_mbox/derby-commits/200506.mbox/<20050630225236.59788.qmail@minotaur.apache.org>,samuel andrew mcintyre
Thu Jun 30 22:52:29 2005,http://mail-archives.apache.org/mod_mbox/derby-commits/200506.mbox/<20050630225236.59788.qmail@minotaur.apache.org>,samuel andrew mcintyre
Thu Jun 30 22:52:29 2005,http://mail-archives.apache.org/mod_mbox/derby-commits/200506.mbox/<20050630225236.59788.qmail@minotaur.apache.org>,samuel andrew mcintyre
Thu Jun 30 22:52:29 2005,http://mail-archives.apache.org/mod_mbox/derby-commits/200506.mbox/<20050630225236.59788.qmail@minotaur.apache.org>,samuel andrew mcintyre
Thu Jun 30 22:52:29 2005,http://mail-archives.apache.org/mod_mbox/derby-commits/200506.mbox/<20050630225236.59788.qmail@minotaur.apache.org>,samuel andrew mcintyre
Thu Jun 30 22:52:29 2005,http://mail-archives.apache.org/mod_mbox/derby-commits/200506.mbox/<20050630225236.59788.qmail@minotaur.apache.org>,samuel andrew mcintyre
Thu Jun 30 22:52:29 2005,http://mail-archives.apache.org/mod_mbox/derby-commits/200506.mbox/<20050630225236.59788.qmail@minotaur.apache.org>,samuel andrew mcintyre
Thu Jun 30 23:06:48 2005,http://mail-archives.apache.org/mod_mbox/derby-commits/200506.mbox/<20050630230704.62560.qmail@minotaur.apache.org>,samuel andrew mcintyre
Thu Jun 30 23:06:48 2005,http://mail-archives.apache.org/mod_mbox/derby-commits/200506.mbox/<20050630230704.62560.qmail@minotaur.apache.org>,samuel andrew mcintyre
Thu Jun 30 23:06:48 2005,http://mail-archives.apache.org/mod_mbox/derby-commits/200506.mbox/<20050630230704.62560.qmail@minotaur.apache.org>,samuel andrew mcintyre
Thu Jun 30 23:06:48 2005,http://mail-archives.apache.org/mod_mbox/derby-commits/200506.mbox/<20050630230704.62560.qmail@minotaur.apache.org>,samuel andrew mcintyre
Thu Jun 30 23:06:48 2005,http://mail-archives.apache.org/mod_mbox/derby-commits/200506.mbox/<20050630230704.62560.qmail@minotaur.apache.org>,samuel andrew mcintyre
Thu Jun 30 23:06:48 2005,http://mail-archives.apache.org/mod_mbox/derby-commits/200506.mbox/<20050630230704.62560.qmail@minotaur.apache.org>,samuel andrew mcintyre
Thu Jun 30 23:06:48 2005,http://mail-archives.apache.org/mod_mbox/derby-commits/200506.mbox/<20050630230704.62560.qmail@minotaur.apache.org>,samuel andrew mcintyre
Thu Jun 30 23:06:48 2005,http://mail-archives.apache.org/mod_mbox/derby-commits/200506.mbox/<20050630230704.62560.qmail@minotaur.apache.org>,samuel andrew mcintyre
Thu Jun 30 23:06:48 2005,http://mail-archives.apache.org/mod_mbox/derby-commits/200506.mbox/<20050630230704.62560.qmail@minotaur.apache.org>,samuel andrew mcintyre
Thu Jun 30 23:06:48 2005,http://mail-archives.apache.org/mod_mbox/derby-commits/200506.mbox/<20050630230704.62560.qmail@minotaur.apache.org>,samuel andrew mcintyre
Thu Jun 30 23:06:48 2005,http://mail-archives.apache.org/mod_mbox/derby-commits/200506.mbox/<20050630230704.62560.qmail@minotaur.apache.org>,samuel andrew mcintyre
Thu Jun 30 23:06:48 2005,http://mail-archives.apache.org/mod_mbox/derby-commits/200506.mbox/<20050630230704.62560.qmail@minotaur.apache.org>,samuel andrew mcintyre
Thu Jun 30 23:06:48 2005,http://mail-archives.apache.org/mod_mbox/derby-commits/200506.mbox/<20050630230704.62560.qmail@minotaur.apache.org>,samuel andrew mcintyre
Thu Jun 30 23:06:48 2005,http://mail-archives.apache.org/mod_mbox/derby-commits/200506.mbox/<20050630230704.62560.qmail@minotaur.apache.org>,samuel andrew mcintyre
Thu Jun 30 23:06:48 2005,http://mail-archives.apache.org/mod_mbox/derby-commits/200506.mbox/<20050630230704.62560.qmail@minotaur.apache.org>,samuel andrew mcintyre
Thu Jun 30 23:06:48 2005,http://mail-archives.apache.org/mod_mbox/derby-commits/200506.mbox/<20050630230704.62560.qmail@minotaur.apache.org>,samuel andrew mcintyre
Thu Jun 30 23:06:48 2005,http://mail-archives.apache.org/mod_mbox/derby-commits/200506.mbox/<20050630230704.62560.qmail@minotaur.apache.org>,samuel andrew mcintyre
Thu Jun 30 23:06:48 2005,http://mail-archives.apache.org/mod_mbox/derby-commits/200506.mbox/<20050630230704.62560.qmail@minotaur.apache.org>,samuel andrew mcintyre
Thu Jun 30 23:06:48 2005,http://mail-archives.apache.org/mod_mbox/derby-commits/200506.mbox/<20050630230704.62560.qmail@minotaur.apache.org>,samuel andrew mcintyre
Thu Jun 30 23:06:48 2005,http://mail-archives.apache.org/mod_mbox/derby-commits/200506.mbox/<20050630230704.62560.qmail@minotaur.apache.org>,samuel andrew mcintyre
Thu Jun 30 23:06:48 2005,http://mail-archives.apache.org/mod_mbox/derby-commits/200506.mbox/<20050630230704.62560.qmail@minotaur.apache.org>,samuel andrew mcintyre
Thu Jun 30 23:06:48 2005,http://mail-archives.apache.org/mod_mbox/derby-commits/200506.mbox/<20050630230704.62560.qmail@minotaur.apache.org>,samuel andrew mcintyre
Thu Jun 30 23:06:48 2005,http://mail-archives.apache.org/mod_mbox/derby-commits/200506.mbox/<20050630230704.62560.qmail@minotaur.apache.org>,samuel andrew mcintyre
Thu Jun 30 23:06:48 2005,http://mail-archives.apache.org/mod_mbox/derby-commits/200506.mbox/<20050630230704.62560.qmail@minotaur.apache.org>,samuel andrew mcintyre
Thu Jun 30 23:06:48 2005,http://mail-archives.apache.org/mod_mbox/derby-commits/200506.mbox/<20050630230704.62560.qmail@minotaur.apache.org>,samuel andrew mcintyre
Thu Jun 30 23:06:48 2005,http://mail-archives.apache.org/mod_mbox/derby-commits/200506.mbox/<20050630230704.62560.qmail@minotaur.apache.org>,samuel andrew mcintyre
Thu Jun 30 23:06:48 2005,http://mail-archives.apache.org/mod_mbox/derby-commits/200506.mbox/<20050630230704.62560.qmail@minotaur.apache.org>,samuel andrew mcintyre
Thu Jun 30 23:06:48 2005,http://mail-archives.apache.org/mod_mbox/derby-commits/200506.mbox/<20050630230704.62560.qmail@minotaur.apache.org>,samuel andrew mcintyre
Thu Jun 30 23:06:48 2005,http://mail-archives.apache.org/mod_mbox/derby-commits/200506.mbox/<20050630230704.62560.qmail@minotaur.apache.org>,samuel andrew mcintyre
Thu Jun 30 23:06:48 2005,http://mail-archives.apache.org/mod_mbox/derby-commits/200506.mbox/<20050630230704.62560.qmail@minotaur.apache.org>,samuel andrew mcintyre
Thu Jun 30 23:06:48 2005,http://mail-archives.apache.org/mod_mbox/derby-commits/200506.mbox/<20050630230704.62560.qmail@minotaur.apache.org>,samuel andrew mcintyre
Thu Jun 30 23:06:48 2005,http://mail-archives.apache.org/mod_mbox/derby-commits/200506.mbox/<20050630230704.62560.qmail@minotaur.apache.org>,samuel andrew mcintyre
Thu Jun 30 23:06:48 2005,http://mail-archives.apache.org/mod_mbox/derby-commits/200506.mbox/<20050630230704.62560.qmail@minotaur.apache.org>,samuel andrew mcintyre
Thu Jun 30 23:06:48 2005,http://mail-archives.apache.org/mod_mbox/derby-commits/200506.mbox/<20050630230704.62560.qmail@minotaur.apache.org>,samuel andrew mcintyre
Thu Jun 30 23:06:48 2005,http://mail-archives.apache.org/mod_mbox/derby-commits/200506.mbox/<20050630230704.62560.qmail@minotaur.apache.org>,samuel andrew mcintyre
Thu Jun 30 23:06:48 2005,http://mail-archives.apache.org/mod_mbox/derby-commits/200506.mbox/<20050630230704.62560.qmail@minotaur.apache.org>,samuel andrew mcintyre
Thu Jun 30 23:06:48 2005,http://mail-archives.apache.org/mod_mbox/derby-commits/200506.mbox/<20050630230704.62560.qmail@minotaur.apache.org>,samuel andrew mcintyre
Thu Jun 30 23:06:48 2005,http://mail-archives.apache.org/mod_mbox/derby-commits/200506.mbox/<20050630230704.62560.qmail@minotaur.apache.org>,samuel andrew mcintyre
Thu Jun 30 23:06:48 2005,http://mail-archives.apache.org/mod_mbox/derby-commits/200506.mbox/<20050630230704.62560.qmail@minotaur.apache.org>,samuel andrew mcintyre
Thu Jun 30 23:06:48 2005,http://mail-archives.apache.org/mod_mbox/derby-commits/200506.mbox/<20050630230704.62560.qmail@minotaur.apache.org>,samuel andrew mcintyre
Thu Jun 30 23:06:48 2005,http://mail-archives.apache.org/mod_mbox/derby-commits/200506.mbox/<20050630230704.62560.qmail@minotaur.apache.org>,samuel andrew mcintyre
Thu Jun 30 23:06:48 2005,http://mail-archives.apache.org/mod_mbox/derby-commits/200506.mbox/<20050630230704.62560.qmail@minotaur.apache.org>,samuel andrew mcintyre
Thu Jun 30 23:06:48 2005,http://mail-archives.apache.org/mod_mbox/derby-commits/200506.mbox/<20050630230704.62560.qmail@minotaur.apache.org>,samuel andrew mcintyre
Thu Jun 30 23:06:48 2005,http://mail-archives.apache.org/mod_mbox/derby-commits/200506.mbox/<20050630230704.62560.qmail@minotaur.apache.org>,samuel andrew mcintyre
Thu Jun 30 23:06:48 2005,http://mail-archives.apache.org/mod_mbox/derby-commits/200506.mbox/<20050630230704.62560.qmail@minotaur.apache.org>,samuel andrew mcintyre
Thu Jun 30 23:06:48 2005,http://mail-archives.apache.org/mod_mbox/derby-commits/200506.mbox/<20050630230704.62560.qmail@minotaur.apache.org>,samuel andrew mcintyre
Thu Jun 30 23:06:48 2005,http://mail-archives.apache.org/mod_mbox/derby-commits/200506.mbox/<20050630230704.62560.qmail@minotaur.apache.org>,samuel andrew mcintyre
Thu Jun 30 23:06:48 2005,http://mail-archives.apache.org/mod_mbox/derby-commits/200506.mbox/<20050630230704.62560.qmail@minotaur.apache.org>,samuel andrew mcintyre
Thu Jun 30 23:06:48 2005,http://mail-archives.apache.org/mod_mbox/derby-commits/200506.mbox/<20050630230704.62560.qmail@minotaur.apache.org>,samuel andrew mcintyre
Thu Jun 30 23:06:48 2005,http://mail-archives.apache.org/mod_mbox/derby-commits/200506.mbox/<20050630230704.62560.qmail@minotaur.apache.org>,samuel andrew mcintyre
Thu Jun 30 23:06:48 2005,http://mail-archives.apache.org/mod_mbox/derby-commits/200506.mbox/<20050630230704.62560.qmail@minotaur.apache.org>,samuel andrew mcintyre
Thu Jun 30 23:06:48 2005,http://mail-archives.apache.org/mod_mbox/derby-commits/200506.mbox/<20050630230704.62560.qmail@minotaur.apache.org>,samuel andrew mcintyre
Thu Jun 30 23:06:48 2005,http://mail-archives.apache.org/mod_mbox/derby-commits/200506.mbox/<20050630230704.62560.qmail@minotaur.apache.org>,samuel andrew mcintyre
Thu Jun 30 23:06:48 2005,http://mail-archives.apache.org/mod_mbox/derby-commits/200506.mbox/<20050630230704.62560.qmail@minotaur.apache.org>,samuel andrew mcintyre
Thu Jun 30 23:06:48 2005,http://mail-archives.apache.org/mod_mbox/derby-commits/200506.mbox/<20050630230704.62560.qmail@minotaur.apache.org>,samuel andrew mcintyre
Thu Jun 30 23:06:48 2005,http://mail-archives.apache.org/mod_mbox/derby-commits/200506.mbox/<20050630230704.62560.qmail@minotaur.apache.org>,samuel andrew mcintyre
Thu Jun 30 23:06:48 2005,http://mail-archives.apache.org/mod_mbox/derby-commits/200506.mbox/<20050630230704.62560.qmail@minotaur.apache.org>,samuel andrew mcintyre
Thu Jun 30 23:06:48 2005,http://mail-archives.apache.org/mod_mbox/derby-commits/200506.mbox/<20050630230704.62560.qmail@minotaur.apache.org>,samuel andrew mcintyre
Thu Jun 30 23:06:48 2005,http://mail-archives.apache.org/mod_mbox/derby-commits/200506.mbox/<20050630230704.62560.qmail@minotaur.apache.org>,samuel andrew mcintyre
Thu Jun 30 23:06:48 2005,http://mail-archives.apache.org/mod_mbox/derby-commits/200506.mbox/<20050630230704.62560.qmail@minotaur.apache.org>,samuel andrew mcintyre
Thu Jun 30 23:06:48 2005,http://mail-archives.apache.org/mod_mbox/derby-commits/200506.mbox/<20050630230704.62560.qmail@minotaur.apache.org>,samuel andrew mcintyre
Thu Jun 30 23:06:48 2005,http://mail-archives.apache.org/mod_mbox/derby-commits/200506.mbox/<20050630230704.62560.qmail@minotaur.apache.org>,samuel andrew mcintyre
Thu Jun 30 23:06:48 2005,http://mail-archives.apache.org/mod_mbox/derby-commits/200506.mbox/<20050630230704.62560.qmail@minotaur.apache.org>,samuel andrew mcintyre
Thu Jun 30 23:06:48 2005,http://mail-archives.apache.org/mod_mbox/derby-commits/200506.mbox/<20050630230704.62560.qmail@minotaur.apache.org>,samuel andrew mcintyre
Thu Jun 30 23:06:48 2005,http://mail-archives.apache.org/mod_mbox/derby-commits/200506.mbox/<20050630230704.62560.qmail@minotaur.apache.org>,samuel andrew mcintyre
Thu Jun 30 23:06:48 2005,http://mail-archives.apache.org/mod_mbox/derby-commits/200506.mbox/<20050630230704.62560.qmail@minotaur.apache.org>,samuel andrew mcintyre
Thu Jun 30 23:06:48 2005,http://mail-archives.apache.org/mod_mbox/derby-commits/200506.mbox/<20050630230704.62560.qmail@minotaur.apache.org>,samuel andrew mcintyre
Thu Jun 30 23:06:48 2005,http://mail-archives.apache.org/mod_mbox/derby-commits/200506.mbox/<20050630230704.62560.qmail@minotaur.apache.org>,samuel andrew mcintyre
Thu Jun 30 23:06:48 2005,http://mail-archives.apache.org/mod_mbox/derby-commits/200506.mbox/<20050630230704.62560.qmail@minotaur.apache.org>,samuel andrew mcintyre
Thu Jun 30 23:06:48 2005,http://mail-archives.apache.org/mod_mbox/derby-commits/200506.mbox/<20050630230704.62560.qmail@minotaur.apache.org>,samuel andrew mcintyre
Thu Jun 30 23:06:48 2005,http://mail-archives.apache.org/mod_mbox/derby-commits/200506.mbox/<20050630230704.62560.qmail@minotaur.apache.org>,samuel andrew mcintyre
Thu Jun 30 23:06:48 2005,http://mail-archives.apache.org/mod_mbox/derby-commits/200506.mbox/<20050630230704.62560.qmail@minotaur.apache.org>,samuel andrew mcintyre
Thu Jun 30 23:06:48 2005,http://mail-archives.apache.org/mod_mbox/derby-commits/200506.mbox/<20050630230704.62560.qmail@minotaur.apache.org>,samuel andrew mcintyre
Thu Jun 30 23:06:48 2005,http://mail-archives.apache.org/mod_mbox/derby-commits/200506.mbox/<20050630230704.62560.qmail@minotaur.apache.org>,samuel andrew mcintyre
Thu Jun 30 23:06:48 2005,http://mail-archives.apache.org/mod_mbox/derby-commits/200506.mbox/<20050630230704.62560.qmail@minotaur.apache.org>,samuel andrew mcintyre
Thu Jun 30 23:06:48 2005,http://mail-archives.apache.org/mod_mbox/derby-commits/200506.mbox/<20050630230704.62560.qmail@minotaur.apache.org>,samuel andrew mcintyre
Thu Jun 30 23:06:48 2005,http://mail-archives.apache.org/mod_mbox/derby-commits/200506.mbox/<20050630230704.62560.qmail@minotaur.apache.org>,samuel andrew mcintyre
Thu Jun 30 23:06:48 2005,http://mail-archives.apache.org/mod_mbox/derby-commits/200506.mbox/<20050630230704.62560.qmail@minotaur.apache.org>,samuel andrew mcintyre
Thu Jun 30 23:06:48 2005,http://mail-archives.apache.org/mod_mbox/derby-commits/200506.mbox/<20050630230704.62560.qmail@minotaur.apache.org>,samuel andrew mcintyre
Thu Jun 30 23:06:48 2005,http://mail-archives.apache.org/mod_mbox/derby-commits/200506.mbox/<20050630230704.62560.qmail@minotaur.apache.org>,samuel andrew mcintyre
Thu Jun 30 23:06:48 2005,http://mail-archives.apache.org/mod_mbox/derby-commits/200506.mbox/<20050630230704.62560.qmail@minotaur.apache.org>,samuel andrew mcintyre
Thu Jun 30 23:06:48 2005,http://mail-archives.apache.org/mod_mbox/derby-commits/200506.mbox/<20050630230704.62560.qmail@minotaur.apache.org>,samuel andrew mcintyre
Thu Jun 30 23:06:48 2005,http://mail-archives.apache.org/mod_mbox/derby-commits/200506.mbox/<20050630230704.62560.qmail@minotaur.apache.org>,samuel andrew mcintyre
Thu Jun 30 23:12:06 2005,http://mail-archives.apache.org/mod_mbox/derby-commits/200506.mbox/<20050630231247.64074.qmail@minotaur.apache.org>,samuel andrew mcintyre
Thu Jun 30 23:12:06 2005,http://mail-archives.apache.org/mod_mbox/derby-commits/200506.mbox/<20050630231247.64074.qmail@minotaur.apache.org>,samuel andrew mcintyre
Thu Jun 30 23:12:06 2005,http://mail-archives.apache.org/mod_mbox/derby-commits/200506.mbox/<20050630231247.64074.qmail@minotaur.apache.org>,samuel andrew mcintyre
Thu Jun 30 23:12:06 2005,http://mail-archives.apache.org/mod_mbox/derby-commits/200506.mbox/<20050630231247.64074.qmail@minotaur.apache.org>,samuel andrew mcintyre
Thu Jun 30 23:12:06 2005,http://mail-archives.apache.org/mod_mbox/derby-commits/200506.mbox/<20050630231247.64074.qmail@minotaur.apache.org>,samuel andrew mcintyre
Thu Jun 30 23:12:06 2005,http://mail-archives.apache.org/mod_mbox/derby-commits/200506.mbox/<20050630231247.64074.qmail@minotaur.apache.org>,samuel andrew mcintyre
Thu Jun 30 23:12:06 2005,http://mail-archives.apache.org/mod_mbox/derby-commits/200506.mbox/<20050630231247.64074.qmail@minotaur.apache.org>,samuel andrew mcintyre
Thu Jun 30 23:12:06 2005,http://mail-archives.apache.org/mod_mbox/derby-commits/200506.mbox/<20050630231247.64074.qmail@minotaur.apache.org>,samuel andrew mcintyre
Thu Jun 30 23:12:06 2005,http://mail-archives.apache.org/mod_mbox/derby-commits/200506.mbox/<20050630231247.64074.qmail@minotaur.apache.org>,samuel andrew mcintyre
Thu Jun 30 23:12:06 2005,http://mail-archives.apache.org/mod_mbox/derby-commits/200506.mbox/<20050630231247.64074.qmail@minotaur.apache.org>,samuel andrew mcintyre
Thu Jun 30 23:12:06 2005,http://mail-archives.apache.org/mod_mbox/derby-commits/200506.mbox/<20050630231247.64074.qmail@minotaur.apache.org>,samuel andrew mcintyre
Thu Jun 30 23:12:06 2005,http://mail-archives.apache.org/mod_mbox/derby-commits/200506.mbox/<20050630231247.64074.qmail@minotaur.apache.org>,samuel andrew mcintyre
Thu Jun 30 23:12:06 2005,http://mail-archives.apache.org/mod_mbox/derby-commits/200506.mbox/<20050630231247.64074.qmail@minotaur.apache.org>,samuel andrew mcintyre
Thu Jun 30 23:12:06 2005,http://mail-archives.apache.org/mod_mbox/derby-commits/200506.mbox/<20050630231247.64074.qmail@minotaur.apache.org>,samuel andrew mcintyre
Thu Jun 30 23:12:06 2005,http://mail-archives.apache.org/mod_mbox/derby-commits/200506.mbox/<20050630231247.64074.qmail@minotaur.apache.org>,samuel andrew mcintyre
Thu Jun 30 23:12:06 2005,http://mail-archives.apache.org/mod_mbox/derby-commits/200506.mbox/<20050630231247.64074.qmail@minotaur.apache.org>,samuel andrew mcintyre
Thu Jun 30 23:12:06 2005,http://mail-archives.apache.org/mod_mbox/derby-commits/200506.mbox/<20050630231247.64074.qmail@minotaur.apache.org>,samuel andrew mcintyre
Thu Jun 30 23:12:06 2005,http://mail-archives.apache.org/mod_mbox/derby-commits/200506.mbox/<20050630231247.64074.qmail@minotaur.apache.org>,samuel andrew mcintyre
Thu Jun 30 23:12:06 2005,http://mail-archives.apache.org/mod_mbox/derby-commits/200506.mbox/<20050630231247.64074.qmail@minotaur.apache.org>,samuel andrew mcintyre
Thu Jun 30 23:12:06 2005,http://mail-archives.apache.org/mod_mbox/derby-commits/200506.mbox/<20050630231247.64074.qmail@minotaur.apache.org>,samuel andrew mcintyre
Thu Jun 30 23:12:06 2005,http://mail-archives.apache.org/mod_mbox/derby-commits/200506.mbox/<20050630231247.64074.qmail@minotaur.apache.org>,samuel andrew mcintyre
Thu Jun 30 23:12:06 2005,http://mail-archives.apache.org/mod_mbox/derby-commits/200506.mbox/<20050630231247.64074.qmail@minotaur.apache.org>,samuel andrew mcintyre
Thu Jun 30 23:12:06 2005,http://mail-archives.apache.org/mod_mbox/derby-commits/200506.mbox/<20050630231247.64074.qmail@minotaur.apache.org>,samuel andrew mcintyre
Thu Jun 30 23:12:06 2005,http://mail-archives.apache.org/mod_mbox/derby-commits/200506.mbox/<20050630231247.64074.qmail@minotaur.apache.org>,samuel andrew mcintyre
Thu Jun 30 23:12:06 2005,http://mail-archives.apache.org/mod_mbox/derby-commits/200506.mbox/<20050630231247.64074.qmail@minotaur.apache.org>,samuel andrew mcintyre
Thu Jun 30 23:12:06 2005,http://mail-archives.apache.org/mod_mbox/derby-commits/200506.mbox/<20050630231247.64074.qmail@minotaur.apache.org>,samuel andrew mcintyre
Thu Jun 30 23:12:06 2005,http://mail-archives.apache.org/mod_mbox/derby-commits/200506.mbox/<20050630231247.64074.qmail@minotaur.apache.org>,samuel andrew mcintyre
Thu Jun 30 23:12:06 2005,http://mail-archives.apache.org/mod_mbox/derby-commits/200506.mbox/<20050630231247.64074.qmail@minotaur.apache.org>,samuel andrew mcintyre
Thu Jun 30 23:12:06 2005,http://mail-archives.apache.org/mod_mbox/derby-commits/200506.mbox/<20050630231247.64074.qmail@minotaur.apache.org>,samuel andrew mcintyre
Thu Jun 30 23:12:06 2005,http://mail-archives.apache.org/mod_mbox/derby-commits/200506.mbox/<20050630231247.64074.qmail@minotaur.apache.org>,samuel andrew mcintyre
Thu Jun 30 23:12:06 2005,http://mail-archives.apache.org/mod_mbox/derby-commits/200506.mbox/<20050630231247.64074.qmail@minotaur.apache.org>,samuel andrew mcintyre
Thu Jun 30 23:12:06 2005,http://mail-archives.apache.org/mod_mbox/derby-commits/200506.mbox/<20050630231247.64074.qmail@minotaur.apache.org>,samuel andrew mcintyre
Thu Jun 30 23:12:06 2005,http://mail-archives.apache.org/mod_mbox/derby-commits/200506.mbox/<20050630231247.64074.qmail@minotaur.apache.org>,samuel andrew mcintyre
Thu Jun 30 23:12:06 2005,http://mail-archives.apache.org/mod_mbox/derby-commits/200506.mbox/<20050630231247.64074.qmail@minotaur.apache.org>,samuel andrew mcintyre
Thu Jun 30 23:12:06 2005,http://mail-archives.apache.org/mod_mbox/derby-commits/200506.mbox/<20050630231247.64074.qmail@minotaur.apache.org>,samuel andrew mcintyre
Thu Jun 30 23:12:06 2005,http://mail-archives.apache.org/mod_mbox/derby-commits/200506.mbox/<20050630231247.64074.qmail@minotaur.apache.org>,samuel andrew mcintyre
Thu Jun 30 23:12:06 2005,http://mail-archives.apache.org/mod_mbox/derby-commits/200506.mbox/<20050630231247.64074.qmail@minotaur.apache.org>,samuel andrew mcintyre
Thu Jun 30 23:12:06 2005,http://mail-archives.apache.org/mod_mbox/derby-commits/200506.mbox/<20050630231247.64074.qmail@minotaur.apache.org>,samuel andrew mcintyre
Thu Jun 30 23:12:06 2005,http://mail-archives.apache.org/mod_mbox/derby-commits/200506.mbox/<20050630231247.64074.qmail@minotaur.apache.org>,samuel andrew mcintyre
Thu Jun 30 23:12:06 2005,http://mail-archives.apache.org/mod_mbox/derby-commits/200506.mbox/<20050630231247.64074.qmail@minotaur.apache.org>,samuel andrew mcintyre
Thu Jun 30 23:12:06 2005,http://mail-archives.apache.org/mod_mbox/derby-commits/200506.mbox/<20050630231247.64074.qmail@minotaur.apache.org>,samuel andrew mcintyre
Thu Jun 30 23:12:06 2005,http://mail-archives.apache.org/mod_mbox/derby-commits/200506.mbox/<20050630231247.64074.qmail@minotaur.apache.org>,samuel andrew mcintyre
Thu Jun 30 23:12:06 2005,http://mail-archives.apache.org/mod_mbox/derby-commits/200506.mbox/<20050630231247.64074.qmail@minotaur.apache.org>,samuel andrew mcintyre
Thu Jun 30 23:12:06 2005,http://mail-archives.apache.org/mod_mbox/derby-commits/200506.mbox/<20050630231247.64074.qmail@minotaur.apache.org>,samuel andrew mcintyre
Thu Jun 30 23:12:06 2005,http://mail-archives.apache.org/mod_mbox/derby-commits/200506.mbox/<20050630231247.64074.qmail@minotaur.apache.org>,samuel andrew mcintyre
Thu Jun 30 23:12:06 2005,http://mail-archives.apache.org/mod_mbox/derby-commits/200506.mbox/<20050630231247.64074.qmail@minotaur.apache.org>,samuel andrew mcintyre
Thu Jun 30 23:12:06 2005,http://mail-archives.apache.org/mod_mbox/derby-commits/200506.mbox/<20050630231247.64074.qmail@minotaur.apache.org>,samuel andrew mcintyre
Thu Jun 30 23:12:06 2005,http://mail-archives.apache.org/mod_mbox/derby-commits/200506.mbox/<20050630231247.64074.qmail@minotaur.apache.org>,samuel andrew mcintyre
Thu Jun 30 23:12:06 2005,http://mail-archives.apache.org/mod_mbox/derby-commits/200506.mbox/<20050630231247.64074.qmail@minotaur.apache.org>,samuel andrew mcintyre
Thu Jun 30 23:12:06 2005,http://mail-archives.apache.org/mod_mbox/derby-commits/200506.mbox/<20050630231247.64074.qmail@minotaur.apache.org>,samuel andrew mcintyre
Thu Jun 30 23:12:06 2005,http://mail-archives.apache.org/mod_mbox/derby-commits/200506.mbox/<20050630231247.64074.qmail@minotaur.apache.org>,samuel andrew mcintyre
Thu Jun 30 23:12:06 2005,http://mail-archives.apache.org/mod_mbox/derby-commits/200506.mbox/<20050630231247.64074.qmail@minotaur.apache.org>,samuel andrew mcintyre
Thu Jun 30 23:12:06 2005,http://mail-archives.apache.org/mod_mbox/derby-commits/200506.mbox/<20050630231247.64074.qmail@minotaur.apache.org>,samuel andrew mcintyre
Thu Jun 30 23:12:06 2005,http://mail-archives.apache.org/mod_mbox/derby-commits/200506.mbox/<20050630231247.64074.qmail@minotaur.apache.org>,samuel andrew mcintyre
Thu Jun 30 23:12:06 2005,http://mail-archives.apache.org/mod_mbox/derby-commits/200506.mbox/<20050630231247.64074.qmail@minotaur.apache.org>,samuel andrew mcintyre
Thu Jun 30 23:12:06 2005,http://mail-archives.apache.org/mod_mbox/derby-commits/200506.mbox/<20050630231247.64074.qmail@minotaur.apache.org>,samuel andrew mcintyre
Thu Jun 30 23:12:06 2005,http://mail-archives.apache.org/mod_mbox/derby-commits/200506.mbox/<20050630231247.64074.qmail@minotaur.apache.org>,samuel andrew mcintyre
Thu Jun 30 23:12:06 2005,http://mail-archives.apache.org/mod_mbox/derby-commits/200506.mbox/<20050630231247.64074.qmail@minotaur.apache.org>,samuel andrew mcintyre
Thu Jun 30 23:12:06 2005,http://mail-archives.apache.org/mod_mbox/derby-commits/200506.mbox/<20050630231247.64074.qmail@minotaur.apache.org>,samuel andrew mcintyre
Thu Jun 30 23:12:06 2005,http://mail-archives.apache.org/mod_mbox/derby-commits/200506.mbox/<20050630231247.64074.qmail@minotaur.apache.org>,samuel andrew mcintyre
Thu Jun 30 23:12:06 2005,http://mail-archives.apache.org/mod_mbox/derby-commits/200506.mbox/<20050630231247.64074.qmail@minotaur.apache.org>,samuel andrew mcintyre
Thu Jun 30 23:12:06 2005,http://mail-archives.apache.org/mod_mbox/derby-commits/200506.mbox/<20050630231247.64074.qmail@minotaur.apache.org>,samuel andrew mcintyre
Thu Jun 30 23:12:06 2005,http://mail-archives.apache.org/mod_mbox/derby-commits/200506.mbox/<20050630231247.64074.qmail@minotaur.apache.org>,samuel andrew mcintyre
Thu Jun 30 23:12:06 2005,http://mail-archives.apache.org/mod_mbox/derby-commits/200506.mbox/<20050630231247.64074.qmail@minotaur.apache.org>,samuel andrew mcintyre
Thu Jun 30 23:12:06 2005,http://mail-archives.apache.org/mod_mbox/derby-commits/200506.mbox/<20050630231247.64074.qmail@minotaur.apache.org>,samuel andrew mcintyre
Thu Jun 30 23:12:06 2005,http://mail-archives.apache.org/mod_mbox/derby-commits/200506.mbox/<20050630231247.64074.qmail@minotaur.apache.org>,samuel andrew mcintyre
Thu Jun 30 23:12:06 2005,http://mail-archives.apache.org/mod_mbox/derby-commits/200506.mbox/<20050630231247.64074.qmail@minotaur.apache.org>,samuel andrew mcintyre
Thu Jun 30 23:12:06 2005,http://mail-archives.apache.org/mod_mbox/derby-commits/200506.mbox/<20050630231247.64074.qmail@minotaur.apache.org>,samuel andrew mcintyre
Thu Jun 30 23:12:06 2005,http://mail-archives.apache.org/mod_mbox/derby-commits/200506.mbox/<20050630231247.64074.qmail@minotaur.apache.org>,samuel andrew mcintyre
Thu Jun 30 23:12:06 2005,http://mail-archives.apache.org/mod_mbox/derby-commits/200506.mbox/<20050630231247.64074.qmail@minotaur.apache.org>,samuel andrew mcintyre
Thu Jun 30 23:12:06 2005,http://mail-archives.apache.org/mod_mbox/derby-commits/200506.mbox/<20050630231247.64074.qmail@minotaur.apache.org>,samuel andrew mcintyre
Thu Jun 30 23:12:06 2005,http://mail-archives.apache.org/mod_mbox/derby-commits/200506.mbox/<20050630231247.64074.qmail@minotaur.apache.org>,samuel andrew mcintyre
Thu Jun 30 23:12:06 2005,http://mail-archives.apache.org/mod_mbox/derby-commits/200506.mbox/<20050630231247.64074.qmail@minotaur.apache.org>,samuel andrew mcintyre
Thu Jun 30 23:12:06 2005,http://mail-archives.apache.org/mod_mbox/derby-commits/200506.mbox/<20050630231247.64074.qmail@minotaur.apache.org>,samuel andrew mcintyre
Thu Jun 30 23:12:06 2005,http://mail-archives.apache.org/mod_mbox/derby-commits/200506.mbox/<20050630231247.64074.qmail@minotaur.apache.org>,samuel andrew mcintyre
Thu Jun 30 23:12:06 2005,http://mail-archives.apache.org/mod_mbox/derby-commits/200506.mbox/<20050630231247.64074.qmail@minotaur.apache.org>,samuel andrew mcintyre
Thu Jun 30 23:12:06 2005,http://mail-archives.apache.org/mod_mbox/derby-commits/200506.mbox/<20050630231247.64074.qmail@minotaur.apache.org>,samuel andrew mcintyre
Thu Jun 30 23:12:06 2005,http://mail-archives.apache.org/mod_mbox/derby-commits/200506.mbox/<20050630231247.64074.qmail@minotaur.apache.org>,samuel andrew mcintyre
Thu Jun 30 23:48:46 2005,http://mail-archives.apache.org/mod_mbox/derby-commits/200506.mbox/<20050630234847.73573.qmail@minotaur.apache.org>,samuel andrew mcintyre
Thu Jun 30 23:48:46 2005,http://mail-archives.apache.org/mod_mbox/derby-commits/200506.mbox/<20050630234847.73573.qmail@minotaur.apache.org>,samuel andrew mcintyre
Thu Jun 30 23:48:46 2005,http://mail-archives.apache.org/mod_mbox/derby-commits/200506.mbox/<20050630234847.73573.qmail@minotaur.apache.org>,samuel andrew mcintyre
Thu Jun 30 23:48:46 2005,http://mail-archives.apache.org/mod_mbox/derby-commits/200506.mbox/<20050630234847.73573.qmail@minotaur.apache.org>,samuel andrew mcintyre
Thu Jun 30 23:48:46 2005,http://mail-archives.apache.org/mod_mbox/derby-commits/200506.mbox/<20050630234847.73573.qmail@minotaur.apache.org>,samuel andrew mcintyre
Thu Jun 30 23:48:46 2005,http://mail-archives.apache.org/mod_mbox/derby-commits/200506.mbox/<20050630234847.73573.qmail@minotaur.apache.org>,samuel andrew mcintyre
Thu Jun 30 23:48:46 2005,http://mail-archives.apache.org/mod_mbox/derby-commits/200506.mbox/<20050630234847.73573.qmail@minotaur.apache.org>,samuel andrew mcintyre
