human_date_time,link,dealised_author_full_name
Wed Sep  5 17:19:35 2007,http://mail-archives.apache.org/mod_mbox/yoko-commits/200709.mbox/<20070905171936.92AD41A983E@eris.apache.org>,richard mcguire
Wed Sep  5 17:19:35 2007,http://mail-archives.apache.org/mod_mbox/yoko-commits/200709.mbox/<20070905171936.92AD41A983E@eris.apache.org>,richard mcguire
Wed Sep  5 17:19:35 2007,http://mail-archives.apache.org/mod_mbox/yoko-commits/200709.mbox/<20070905171936.92AD41A983E@eris.apache.org>,richard mcguire
Wed Sep  5 17:19:35 2007,http://mail-archives.apache.org/mod_mbox/yoko-commits/200709.mbox/<20070905171936.92AD41A983E@eris.apache.org>,richard mcguire
Wed Sep  5 17:19:35 2007,http://mail-archives.apache.org/mod_mbox/yoko-commits/200709.mbox/<20070905171936.92AD41A983E@eris.apache.org>,richard mcguire
Thu Sep  6 13:15:53 2007,http://mail-archives.apache.org/mod_mbox/yoko-commits/200709.mbox/<20070906131559.6A4831A9832@eris.apache.org>,richard mcguire
Thu Sep  6 13:15:53 2007,http://mail-archives.apache.org/mod_mbox/yoko-commits/200709.mbox/<20070906131559.6A4831A9832@eris.apache.org>,richard mcguire
Thu Sep  6 13:15:53 2007,http://mail-archives.apache.org/mod_mbox/yoko-commits/200709.mbox/<20070906131559.6A4831A9832@eris.apache.org>,richard mcguire
Thu Sep  6 13:15:53 2007,http://mail-archives.apache.org/mod_mbox/yoko-commits/200709.mbox/<20070906131559.6A4831A9832@eris.apache.org>,richard mcguire
Thu Sep  6 13:15:53 2007,http://mail-archives.apache.org/mod_mbox/yoko-commits/200709.mbox/<20070906131559.6A4831A9832@eris.apache.org>,richard mcguire
Thu Sep  6 13:15:53 2007,http://mail-archives.apache.org/mod_mbox/yoko-commits/200709.mbox/<20070906131559.6A4831A9832@eris.apache.org>,richard mcguire
Thu Sep  6 13:15:53 2007,http://mail-archives.apache.org/mod_mbox/yoko-commits/200709.mbox/<20070906131559.6A4831A9832@eris.apache.org>,richard mcguire
Thu Sep  6 13:15:53 2007,http://mail-archives.apache.org/mod_mbox/yoko-commits/200709.mbox/<20070906131559.6A4831A9832@eris.apache.org>,richard mcguire
Thu Sep  6 13:15:53 2007,http://mail-archives.apache.org/mod_mbox/yoko-commits/200709.mbox/<20070906131559.6A4831A9832@eris.apache.org>,richard mcguire
Thu Sep  6 13:15:53 2007,http://mail-archives.apache.org/mod_mbox/yoko-commits/200709.mbox/<20070906131559.6A4831A9832@eris.apache.org>,richard mcguire
Thu Sep  6 13:15:53 2007,http://mail-archives.apache.org/mod_mbox/yoko-commits/200709.mbox/<20070906131559.6A4831A9832@eris.apache.org>,richard mcguire
Thu Sep  6 13:15:53 2007,http://mail-archives.apache.org/mod_mbox/yoko-commits/200709.mbox/<20070906131559.6A4831A9832@eris.apache.org>,richard mcguire
Thu Sep  6 13:15:53 2007,http://mail-archives.apache.org/mod_mbox/yoko-commits/200709.mbox/<20070906131559.6A4831A9832@eris.apache.org>,richard mcguire
Thu Sep  6 13:15:53 2007,http://mail-archives.apache.org/mod_mbox/yoko-commits/200709.mbox/<20070906131559.6A4831A9832@eris.apache.org>,richard mcguire
Thu Sep  6 13:15:53 2007,http://mail-archives.apache.org/mod_mbox/yoko-commits/200709.mbox/<20070906131559.6A4831A9832@eris.apache.org>,richard mcguire
Thu Sep  6 13:15:53 2007,http://mail-archives.apache.org/mod_mbox/yoko-commits/200709.mbox/<20070906131559.6A4831A9832@eris.apache.org>,richard mcguire
Thu Sep  6 13:15:53 2007,http://mail-archives.apache.org/mod_mbox/yoko-commits/200709.mbox/<20070906131559.6A4831A9832@eris.apache.org>,richard mcguire
Thu Sep  6 13:15:53 2007,http://mail-archives.apache.org/mod_mbox/yoko-commits/200709.mbox/<20070906131559.6A4831A9832@eris.apache.org>,richard mcguire
Thu Sep  6 13:15:53 2007,http://mail-archives.apache.org/mod_mbox/yoko-commits/200709.mbox/<20070906131559.6A4831A9832@eris.apache.org>,richard mcguire
Thu Sep  6 13:15:53 2007,http://mail-archives.apache.org/mod_mbox/yoko-commits/200709.mbox/<20070906131559.6A4831A9832@eris.apache.org>,richard mcguire
Thu Sep  6 13:15:53 2007,http://mail-archives.apache.org/mod_mbox/yoko-commits/200709.mbox/<20070906131559.6A4831A9832@eris.apache.org>,richard mcguire
Thu Sep  6 13:15:53 2007,http://mail-archives.apache.org/mod_mbox/yoko-commits/200709.mbox/<20070906131559.6A4831A9832@eris.apache.org>,richard mcguire
Thu Sep  6 13:15:53 2007,http://mail-archives.apache.org/mod_mbox/yoko-commits/200709.mbox/<20070906131559.6A4831A9832@eris.apache.org>,richard mcguire
Thu Sep  6 13:15:53 2007,http://mail-archives.apache.org/mod_mbox/yoko-commits/200709.mbox/<20070906131559.6A4831A9832@eris.apache.org>,richard mcguire
Thu Sep  6 13:15:53 2007,http://mail-archives.apache.org/mod_mbox/yoko-commits/200709.mbox/<20070906131559.6A4831A9832@eris.apache.org>,richard mcguire
Thu Sep  6 13:15:53 2007,http://mail-archives.apache.org/mod_mbox/yoko-commits/200709.mbox/<20070906131559.6A4831A9832@eris.apache.org>,richard mcguire
Thu Sep  6 13:15:53 2007,http://mail-archives.apache.org/mod_mbox/yoko-commits/200709.mbox/<20070906131559.6A4831A9832@eris.apache.org>,richard mcguire
Thu Sep  6 13:15:53 2007,http://mail-archives.apache.org/mod_mbox/yoko-commits/200709.mbox/<20070906131559.6A4831A9832@eris.apache.org>,richard mcguire
Thu Sep  6 13:15:53 2007,http://mail-archives.apache.org/mod_mbox/yoko-commits/200709.mbox/<20070906131559.6A4831A9832@eris.apache.org>,richard mcguire
Thu Sep  6 13:15:53 2007,http://mail-archives.apache.org/mod_mbox/yoko-commits/200709.mbox/<20070906131559.6A4831A9832@eris.apache.org>,richard mcguire
Thu Sep  6 13:15:53 2007,http://mail-archives.apache.org/mod_mbox/yoko-commits/200709.mbox/<20070906131559.6A4831A9832@eris.apache.org>,richard mcguire
Thu Sep  6 13:15:53 2007,http://mail-archives.apache.org/mod_mbox/yoko-commits/200709.mbox/<20070906131559.6A4831A9832@eris.apache.org>,richard mcguire
Thu Sep  6 13:15:53 2007,http://mail-archives.apache.org/mod_mbox/yoko-commits/200709.mbox/<20070906131559.6A4831A9832@eris.apache.org>,richard mcguire
Fri Sep  7 16:54:06 2007,http://mail-archives.apache.org/mod_mbox/yoko-commits/200709.mbox/<20070907165406.EE0AF1A9832@eris.apache.org>,richard mcguire
Fri Sep  7 16:54:06 2007,http://mail-archives.apache.org/mod_mbox/yoko-commits/200709.mbox/<20070907165406.EE0AF1A9832@eris.apache.org>,richard mcguire
Fri Sep  7 16:54:06 2007,http://mail-archives.apache.org/mod_mbox/yoko-commits/200709.mbox/<20070907165406.EE0AF1A9832@eris.apache.org>,richard mcguire
