human_date_time,link,dealised_author_full_name
Mon Oct  9 14:27:20 2017,http://mail-archives.apache.org/mod_mbox/tamaya-dev/201710.mbox/<1390409157.1256.1507559240303.JavaMail.jenkins@jenkins-master.apache.org>,apache jenkins server
Mon Oct  9 18:25:18 2017,http://mail-archives.apache.org/mod_mbox/tamaya-dev/201710.mbox/<102492138.1332.1507573518550.JavaMail.jenkins@jenkins-master.apache.org>,apache jenkins server
Mon Oct  9 18:25:34 2017,http://mail-archives.apache.org/mod_mbox/tamaya-dev/201710.mbox/<30086632.1333.1507573534572.JavaMail.jenkins@jenkins-master.apache.org>,apache jenkins server
Mon Oct  9 18:25:57 2017,http://mail-archives.apache.org/mod_mbox/tamaya-dev/201710.mbox/<875545093.1334.1507573557477.JavaMail.jenkins@jenkins-master.apache.org>,apache jenkins server
Mon Oct  9 18:53:51 2017,http://mail-archives.apache.org/mod_mbox/tamaya-dev/201710.mbox/<974766727.1347.1507575232168.JavaMail.jenkins@jenkins-master.apache.org>,apache jenkins server
Mon Oct  9 19:20:20 2017,http://mail-archives.apache.org/mod_mbox/tamaya-dev/201710.mbox/<1781153269.1362.1507576821032.JavaMail.jenkins@jenkins-master.apache.org>,apache jenkins server
Mon Oct  9 19:32:20 2017,http://mail-archives.apache.org/mod_mbox/tamaya-dev/201710.mbox/<592333262.1366.1507577540522.JavaMail.jenkins@jenkins-master.apache.org>,apache jenkins server
Mon Oct  9 19:53:16 2017,http://mail-archives.apache.org/mod_mbox/tamaya-dev/201710.mbox/<1842516679.1370.1507578796937.JavaMail.jenkins@jenkins-master.apache.org>,apache jenkins server
Mon Oct  9 19:53:17 2017,http://mail-archives.apache.org/mod_mbox/tamaya-dev/201710.mbox/<607104648.1371.1507578797744.JavaMail.jenkins@jenkins-master.apache.org>,apache jenkins server
Mon Oct  9 20:08:31 2017,http://mail-archives.apache.org/mod_mbox/tamaya-dev/201710.mbox/<1662571308.1381.1507579711875.JavaMail.jenkins@jenkins-master.apache.org>,apache jenkins server
Mon Oct  9 20:08:32 2017,http://mail-archives.apache.org/mod_mbox/tamaya-dev/201710.mbox/<1798354685.1382.1507579713029.JavaMail.jenkins@jenkins-master.apache.org>,apache jenkins server
Mon Oct  9 20:22:59 2017,http://mail-archives.apache.org/mod_mbox/tamaya-dev/201710.mbox/<954165013.1391.1507580579715.JavaMail.jenkins@jenkins-master.apache.org>,apache jenkins server
Mon Oct  9 20:23:04 2017,http://mail-archives.apache.org/mod_mbox/tamaya-dev/201710.mbox/<1463793437.1392.1507580585240.JavaMail.jenkins@jenkins-master.apache.org>,apache jenkins server
Mon Oct  9 20:40:39 2017,http://mail-archives.apache.org/mod_mbox/tamaya-dev/201710.mbox/<1392160314.1397.1507581639679.JavaMail.jenkins@jenkins-master.apache.org>,apache jenkins server
Mon Oct  9 20:40:44 2017,http://mail-archives.apache.org/mod_mbox/tamaya-dev/201710.mbox/<1716205093.1398.1507581644475.JavaMail.jenkins@jenkins-master.apache.org>,apache jenkins server
Mon Oct  9 21:20:48 2017,http://mail-archives.apache.org/mod_mbox/tamaya-dev/201710.mbox/<1270369602.1408.1507584048360.JavaMail.jenkins@jenkins-master.apache.org>,apache jenkins server
Mon Oct  9 21:37:30 2017,http://mail-archives.apache.org/mod_mbox/tamaya-dev/201710.mbox/<477429928.1413.1507585050142.JavaMail.jenkins@jenkins-master.apache.org>,apache jenkins server
Mon Oct  9 21:58:44 2017,http://mail-archives.apache.org/mod_mbox/tamaya-dev/201710.mbox/<1537477062.1420.1507586324290.JavaMail.jenkins@jenkins-master.apache.org>,apache jenkins server
Mon Oct  9 23:02:00 2017,http://mail-archives.apache.org/mod_mbox/tamaya-dev/201710.mbox/<1808042853.1459.1507590120158.JavaMail.jenkins@jenkins-master.apache.org>,apache jenkins server
Tue Oct 10 00:30:04 2017,http://mail-archives.apache.org/mod_mbox/tamaya-dev/201710.mbox/<1401117390.1485.1507595404041.JavaMail.jenkins@jenkins-master.apache.org>,apache jenkins server
Tue Oct 10 18:34:12 2017,http://mail-archives.apache.org/mod_mbox/tamaya-dev/201710.mbox/<1285067579.1712.1507660452587.JavaMail.jenkins@jenkins-master.apache.org>,apache jenkins server
Wed Oct 11 00:25:38 2017,http://mail-archives.apache.org/mod_mbox/tamaya-dev/201710.mbox/<270849973.1811.1507681538036.JavaMail.jenkins@jenkins-master.apache.org>,apache jenkins server
Wed Oct 11 00:37:52 2017,http://mail-archives.apache.org/mod_mbox/tamaya-dev/201710.mbox/<136837492.1812.1507682272691.JavaMail.jenkins@jenkins-master.apache.org>,apache jenkins server
Wed Oct 11 00:56:12 2017,http://mail-archives.apache.org/mod_mbox/tamaya-dev/201710.mbox/<1030749749.1821.1507683372635.JavaMail.jenkins@jenkins-master.apache.org>,apache jenkins server
Thu Oct 12 00:55:36 2017,http://mail-archives.apache.org/mod_mbox/tamaya-dev/201710.mbox/<1293062340.2192.1507769736088.JavaMail.jenkins@jenkins-master.apache.org>,apache jenkins server
Thu Oct 12 01:17:17 2017,http://mail-archives.apache.org/mod_mbox/tamaya-dev/201710.mbox/<1574904338.2196.1507771037066.JavaMail.jenkins@jenkins-master.apache.org>,apache jenkins server
Thu Oct 12 01:20:51 2017,http://mail-archives.apache.org/mod_mbox/tamaya-dev/201710.mbox/<1152062906.2197.1507771251393.JavaMail.jenkins@jenkins-master.apache.org>,apache jenkins server
Thu Oct 12 01:20:58 2017,http://mail-archives.apache.org/mod_mbox/tamaya-dev/201710.mbox/<1340327308.2198.1507771258214.JavaMail.jenkins@jenkins-master.apache.org>,apache jenkins server
Thu Oct 12 06:04:07 2017,http://mail-archives.apache.org/mod_mbox/tamaya-dev/201710.mbox/<1482268582.2242.1507788247280.JavaMail.jenkins@jenkins-master.apache.org>,apache jenkins server
Thu Oct 12 11:04:02 2017,http://mail-archives.apache.org/mod_mbox/tamaya-dev/201710.mbox/<2063281661.2326.1507806242644.JavaMail.jenkins@jenkins-master.apache.org>,apache jenkins server
Thu Oct 12 11:06:42 2017,http://mail-archives.apache.org/mod_mbox/tamaya-dev/201710.mbox/<1919164464.2329.1507806402751.JavaMail.jenkins@jenkins-master.apache.org>,apache jenkins server
Thu Oct 12 11:43:30 2017,http://mail-archives.apache.org/mod_mbox/tamaya-dev/201710.mbox/<1946768791.2339.1507808610724.JavaMail.jenkins@jenkins-master.apache.org>,apache jenkins server
Thu Oct 12 18:49:29 2017,http://mail-archives.apache.org/mod_mbox/tamaya-dev/201710.mbox/<15740906.2561.1507834169677.JavaMail.jenkins@jenkins-master.apache.org>,apache jenkins server
Thu Oct 12 22:37:09 2017,http://mail-archives.apache.org/mod_mbox/tamaya-dev/201710.mbox/<2127733628.2610.1507847829547.JavaMail.jenkins@jenkins-master.apache.org>,apache jenkins server
Thu Oct 12 22:37:12 2017,http://mail-archives.apache.org/mod_mbox/tamaya-dev/201710.mbox/<1352344636.2611.1507847832730.JavaMail.jenkins@jenkins-master.apache.org>,apache jenkins server
Thu Oct 12 22:40:15 2017,http://mail-archives.apache.org/mod_mbox/tamaya-dev/201710.mbox/<42042315.2615.1507848015564.JavaMail.jenkins@jenkins-master.apache.org>,apache jenkins server
Thu Oct 12 23:29:54 2017,http://mail-archives.apache.org/mod_mbox/tamaya-dev/201710.mbox/<1836824149.2637.1507850994945.JavaMail.jenkins@jenkins-master.apache.org>,apache jenkins server
Thu Oct 12 23:59:35 2017,http://mail-archives.apache.org/mod_mbox/tamaya-dev/201710.mbox/<1191091794.2640.1507852775437.JavaMail.jenkins@jenkins-master.apache.org>,apache jenkins server
Fri Oct 13 00:07:31 2017,http://mail-archives.apache.org/mod_mbox/tamaya-dev/201710.mbox/<653070780.2648.1507853251048.JavaMail.jenkins@jenkins-master.apache.org>,apache jenkins server
Fri Oct 13 00:07:32 2017,http://mail-archives.apache.org/mod_mbox/tamaya-dev/201710.mbox/<2077935671.2649.1507853252381.JavaMail.jenkins@jenkins-master.apache.org>,apache jenkins server
Fri Oct 13 00:44:40 2017,http://mail-archives.apache.org/mod_mbox/tamaya-dev/201710.mbox/<1176390893.2668.1507855480892.JavaMail.jenkins@jenkins-master.apache.org>,apache jenkins server
Fri Oct 13 01:08:08 2017,http://mail-archives.apache.org/mod_mbox/tamaya-dev/201710.mbox/<2035737374.2674.1507856888308.JavaMail.jenkins@jenkins-master.apache.org>,apache jenkins server
Fri Oct 13 01:53:28 2017,http://mail-archives.apache.org/mod_mbox/tamaya-dev/201710.mbox/<1107042376.2692.1507859608443.JavaMail.jenkins@jenkins-master.apache.org>,apache jenkins server
Fri Oct 13 06:16:46 2017,http://mail-archives.apache.org/mod_mbox/tamaya-dev/201710.mbox/<1596480612.2724.1507875406987.JavaMail.jenkins@jenkins-master.apache.org>,apache jenkins server
Fri Oct 13 08:24:30 2017,http://mail-archives.apache.org/mod_mbox/tamaya-dev/201710.mbox/<573179678.2758.1507883070051.JavaMail.jenkins@jenkins-master.apache.org>,apache jenkins server
Fri Oct 13 18:29:57 2017,http://mail-archives.apache.org/mod_mbox/tamaya-dev/201710.mbox/<835089790.2958.1507919397116.JavaMail.jenkins@jenkins-master.apache.org>,apache jenkins server
Fri Oct 13 21:32:27 2017,http://mail-archives.apache.org/mod_mbox/tamaya-dev/201710.mbox/<375845545.3024.1507930347451.JavaMail.jenkins@jenkins-master.apache.org>,apache jenkins server
Fri Oct 13 23:02:27 2017,http://mail-archives.apache.org/mod_mbox/tamaya-dev/201710.mbox/<1377984238.3063.1507935747091.JavaMail.jenkins@jenkins-master.apache.org>,apache jenkins server
Sat Oct 14 00:35:29 2017,http://mail-archives.apache.org/mod_mbox/tamaya-dev/201710.mbox/<1360546610.3087.1507941329845.JavaMail.jenkins@jenkins-master.apache.org>,apache jenkins server
Sat Oct 14 00:53:07 2017,http://mail-archives.apache.org/mod_mbox/tamaya-dev/201710.mbox/<709280561.3088.1507942387806.JavaMail.jenkins@jenkins-master.apache.org>,apache jenkins server
Sat Oct 14 18:25:16 2017,http://mail-archives.apache.org/mod_mbox/tamaya-dev/201710.mbox/<1676192205.3238.1508005516587.JavaMail.jenkins@jenkins-master.apache.org>,apache jenkins server
Sat Oct 14 20:44:54 2017,http://mail-archives.apache.org/mod_mbox/tamaya-dev/201710.mbox/<533930767.3257.1508013894562.JavaMail.jenkins@jenkins-master.apache.org>,apache jenkins server
Sat Oct 14 20:56:26 2017,http://mail-archives.apache.org/mod_mbox/tamaya-dev/201710.mbox/<1873058321.3259.1508014586888.JavaMail.jenkins@jenkins-master.apache.org>,apache jenkins server
Sun Oct 15 00:22:06 2017,http://mail-archives.apache.org/mod_mbox/tamaya-dev/201710.mbox/<1878732438.3281.1508026926198.JavaMail.jenkins@jenkins-master.apache.org>,apache jenkins server
Sun Oct 15 00:33:40 2017,http://mail-archives.apache.org/mod_mbox/tamaya-dev/201710.mbox/<1059044527.3283.1508027620827.JavaMail.jenkins@jenkins-master.apache.org>,apache jenkins server
Sun Oct 15 00:51:27 2017,http://mail-archives.apache.org/mod_mbox/tamaya-dev/201710.mbox/<288164894.3286.1508028687503.JavaMail.jenkins@jenkins-master.apache.org>,apache jenkins server
Sun Oct 15 08:21:46 2017,http://mail-archives.apache.org/mod_mbox/tamaya-dev/201710.mbox/<1283529544.3377.1508055706535.JavaMail.jenkins@jenkins-master.apache.org>,apache jenkins server
Sun Oct 15 18:26:14 2017,http://mail-archives.apache.org/mod_mbox/tamaya-dev/201710.mbox/<1272343048.3476.1508091974322.JavaMail.jenkins@jenkins-master.apache.org>,apache jenkins server
Sun Oct 15 20:49:01 2017,http://mail-archives.apache.org/mod_mbox/tamaya-dev/201710.mbox/<1938751231.3491.1508100541538.JavaMail.jenkins@jenkins-master.apache.org>,apache jenkins server
Sun Oct 15 20:59:37 2017,http://mail-archives.apache.org/mod_mbox/tamaya-dev/201710.mbox/<258588078.3494.1508101177174.JavaMail.jenkins@jenkins-master.apache.org>,apache jenkins server
Sun Oct 15 21:40:23 2017,http://mail-archives.apache.org/mod_mbox/tamaya-dev/201710.mbox/<1118021340.3503.1508103623872.JavaMail.jenkins@jenkins-master.apache.org>,apache jenkins server
Sun Oct 15 22:44:23 2017,http://mail-archives.apache.org/mod_mbox/tamaya-dev/201710.mbox/<723195094.3514.1508107463855.JavaMail.jenkins@jenkins-master.apache.org>,apache jenkins server
Mon Oct 16 00:33:35 2017,http://mail-archives.apache.org/mod_mbox/tamaya-dev/201710.mbox/<526704291.3539.1508114015792.JavaMail.jenkins@jenkins-master.apache.org>,apache jenkins server
Mon Oct 16 00:50:24 2017,http://mail-archives.apache.org/mod_mbox/tamaya-dev/201710.mbox/<429729388.3541.1508115024510.JavaMail.jenkins@jenkins-master.apache.org>,apache jenkins server
Mon Oct 16 23:13:07 2017,http://mail-archives.apache.org/mod_mbox/tamaya-dev/201710.mbox/<122336962.3804.1508195587827.JavaMail.jenkins@jenkins-master.apache.org>,apache jenkins server
Mon Oct 16 23:25:55 2017,http://mail-archives.apache.org/mod_mbox/tamaya-dev/201710.mbox/<175494104.3805.1508196355561.JavaMail.jenkins@jenkins-master.apache.org>,apache jenkins server
Tue Oct 17 00:22:58 2017,http://mail-archives.apache.org/mod_mbox/tamaya-dev/201710.mbox/<35113904.3827.1508199778477.JavaMail.jenkins@jenkins-master.apache.org>,apache jenkins server
Tue Oct 17 00:35:33 2017,http://mail-archives.apache.org/mod_mbox/tamaya-dev/201710.mbox/<827341564.3834.1508200533696.JavaMail.jenkins@jenkins-master.apache.org>,apache jenkins server
Tue Oct 17 00:58:56 2017,http://mail-archives.apache.org/mod_mbox/tamaya-dev/201710.mbox/<1690182069.3844.1508201936965.JavaMail.jenkins@jenkins-master.apache.org>,apache jenkins server
Tue Oct 17 09:34:17 2017,http://mail-archives.apache.org/mod_mbox/tamaya-dev/201710.mbox/<1151915158.3929.1508232857346.JavaMail.jenkins@jenkins-master.apache.org>,apache jenkins server
Tue Oct 17 09:48:30 2017,http://mail-archives.apache.org/mod_mbox/tamaya-dev/201710.mbox/<1304157533.3930.1508233710644.JavaMail.jenkins@jenkins-master.apache.org>,apache jenkins server
Tue Oct 17 18:27:25 2017,http://mail-archives.apache.org/mod_mbox/tamaya-dev/201710.mbox/<1172104708.4033.1508264845708.JavaMail.jenkins@jenkins-master.apache.org>,apache jenkins server
Tue Oct 17 22:20:53 2017,http://mail-archives.apache.org/mod_mbox/tamaya-dev/201710.mbox/<1176397347.4134.1508278853282.JavaMail.jenkins@jenkins-master.apache.org>,apache jenkins server
Tue Oct 17 22:29:41 2017,http://mail-archives.apache.org/mod_mbox/tamaya-dev/201710.mbox/<2129972916.4141.1508279381663.JavaMail.jenkins@jenkins-master.apache.org>,apache jenkins server
Tue Oct 17 22:37:37 2017,http://mail-archives.apache.org/mod_mbox/tamaya-dev/201710.mbox/<1504151309.4144.1508279857542.JavaMail.jenkins@jenkins-master.apache.org>,apache jenkins server
Wed Oct 18 00:26:56 2017,http://mail-archives.apache.org/mod_mbox/tamaya-dev/201710.mbox/<1513683865.4195.1508286416863.JavaMail.jenkins@jenkins-master.apache.org>,apache jenkins server
Wed Oct 18 00:38:56 2017,http://mail-archives.apache.org/mod_mbox/tamaya-dev/201710.mbox/<1154739713.4197.1508287136510.JavaMail.jenkins@jenkins-master.apache.org>,apache jenkins server
Wed Oct 18 01:01:16 2017,http://mail-archives.apache.org/mod_mbox/tamaya-dev/201710.mbox/<928289594.4200.1508288476486.JavaMail.jenkins@jenkins-master.apache.org>,apache jenkins server
Wed Oct 18 18:47:13 2017,http://mail-archives.apache.org/mod_mbox/tamaya-dev/201710.mbox/<840457708.4484.1508352433601.JavaMail.jenkins@jenkins-master.apache.org>,apache jenkins server
Wed Oct 18 22:28:13 2017,http://mail-archives.apache.org/mod_mbox/tamaya-dev/201710.mbox/<1060040003.4571.1508365693357.JavaMail.jenkins@jenkins-master.apache.org>,apache jenkins server
Thu Oct 19 00:50:14 2017,http://mail-archives.apache.org/mod_mbox/tamaya-dev/201710.mbox/<327131788.4623.1508374214274.JavaMail.jenkins@jenkins-master.apache.org>,apache jenkins server
Thu Oct 19 00:58:24 2017,http://mail-archives.apache.org/mod_mbox/tamaya-dev/201710.mbox/<1893178467.4626.1508374704384.JavaMail.jenkins@jenkins-master.apache.org>,apache jenkins server
Thu Oct 19 01:28:37 2017,http://mail-archives.apache.org/mod_mbox/tamaya-dev/201710.mbox/<885288908.4638.1508376518001.JavaMail.jenkins@jenkins-master.apache.org>,apache jenkins server
Thu Oct 19 01:29:32 2017,http://mail-archives.apache.org/mod_mbox/tamaya-dev/201710.mbox/<1802889634.4639.1508376572209.JavaMail.jenkins@jenkins-master.apache.org>,apache jenkins server
Thu Oct 19 02:11:35 2017,http://mail-archives.apache.org/mod_mbox/tamaya-dev/201710.mbox/<111093888.4649.1508379095609.JavaMail.jenkins@jenkins-master.apache.org>,apache jenkins server
Thu Oct 19 05:24:48 2017,http://mail-archives.apache.org/mod_mbox/tamaya-dev/201710.mbox/<1484056190.4680.1508390688085.JavaMail.jenkins@jenkins-master.apache.org>,apache jenkins server
Thu Oct 19 05:27:19 2017,http://mail-archives.apache.org/mod_mbox/tamaya-dev/201710.mbox/<1010198863.4681.1508390839466.JavaMail.jenkins@jenkins-master.apache.org>,apache jenkins server
Thu Oct 19 05:41:36 2017,http://mail-archives.apache.org/mod_mbox/tamaya-dev/201710.mbox/<1394112939.4683.1508391696492.JavaMail.jenkins@jenkins-master.apache.org>,apache jenkins server
Thu Oct 19 06:25:01 2017,http://mail-archives.apache.org/mod_mbox/tamaya-dev/201710.mbox/<1319216537.4701.1508394301412.JavaMail.jenkins@jenkins-master.apache.org>,apache jenkins server
Thu Oct 19 06:46:58 2017,http://mail-archives.apache.org/mod_mbox/tamaya-dev/201710.mbox/<1125355656.4703.1508395618681.JavaMail.jenkins@jenkins-master.apache.org>,apache jenkins server
Thu Oct 19 18:55:18 2017,http://mail-archives.apache.org/mod_mbox/tamaya-dev/201710.mbox/<938655857.4881.1508439318979.JavaMail.jenkins@jenkins-master.apache.org>,apache jenkins server
Fri Oct 20 00:07:10 2017,http://mail-archives.apache.org/mod_mbox/tamaya-dev/201710.mbox/<229507353.4962.1508458030898.JavaMail.jenkins@jenkins-master.apache.org>,apache jenkins server
Fri Oct 20 00:40:43 2017,http://mail-archives.apache.org/mod_mbox/tamaya-dev/201710.mbox/<174423313.4972.1508460043314.JavaMail.jenkins@jenkins-master.apache.org>,apache jenkins server
Fri Oct 20 01:03:27 2017,http://mail-archives.apache.org/mod_mbox/tamaya-dev/201710.mbox/<1130689593.4974.1508461407446.JavaMail.jenkins@jenkins-master.apache.org>,apache jenkins server
Fri Oct 20 02:45:43 2017,http://mail-archives.apache.org/mod_mbox/tamaya-dev/201710.mbox/<699375761.4985.1508467543391.JavaMail.jenkins@jenkins-master.apache.org>,apache jenkins server
Fri Oct 20 03:27:19 2017,http://mail-archives.apache.org/mod_mbox/tamaya-dev/201710.mbox/<407150692.5007.1508470039255.JavaMail.jenkins@jenkins-master.apache.org>,apache jenkins server
Fri Oct 20 04:28:29 2017,http://mail-archives.apache.org/mod_mbox/tamaya-dev/201710.mbox/<338254088.5032.1508473709498.JavaMail.jenkins@jenkins-master.apache.org>,apache jenkins server
Fri Oct 20 10:18:43 2017,http://mail-archives.apache.org/mod_mbox/tamaya-dev/201710.mbox/<443977169.5082.1508494723815.JavaMail.jenkins@jenkins-master.apache.org>,apache jenkins server
Fri Oct 20 10:56:57 2017,http://mail-archives.apache.org/mod_mbox/tamaya-dev/201710.mbox/<1840001218.5085.1508497017471.JavaMail.jenkins@jenkins-master.apache.org>,apache jenkins server
Fri Oct 20 19:45:03 2017,http://mail-archives.apache.org/mod_mbox/tamaya-dev/201710.mbox/<109148002.26.1508528703548.JavaMail.jenkins@jenkins-master.apache.org>,apache jenkins server
Fri Oct 20 19:54:44 2017,http://mail-archives.apache.org/mod_mbox/tamaya-dev/201710.mbox/<1597151191.27.1508529284421.JavaMail.jenkins@jenkins-master.apache.org>,apache jenkins server
Fri Oct 20 23:19:13 2017,http://mail-archives.apache.org/mod_mbox/tamaya-dev/201710.mbox/<1116678661.112.1508541553873.JavaMail.jenkins@jenkins-master.apache.org>,apache jenkins server
Fri Oct 20 23:32:04 2017,http://mail-archives.apache.org/mod_mbox/tamaya-dev/201710.mbox/<1831987729.113.1508542324217.JavaMail.jenkins@jenkins-master.apache.org>,apache jenkins server
Sat Oct 21 00:30:13 2017,http://mail-archives.apache.org/mod_mbox/tamaya-dev/201710.mbox/<263275704.132.1508545813969.JavaMail.jenkins@jenkins-master.apache.org>,apache jenkins server
Sat Oct 21 01:03:52 2017,http://mail-archives.apache.org/mod_mbox/tamaya-dev/201710.mbox/<1084779878.145.1508547832378.JavaMail.jenkins@jenkins-master.apache.org>,apache jenkins server
Sat Oct 21 10:34:25 2017,http://mail-archives.apache.org/mod_mbox/tamaya-dev/201710.mbox/<101829823.259.1508582066068.JavaMail.jenkins@jenkins-master.apache.org>,apache jenkins server
Sat Oct 21 17:40:39 2017,http://mail-archives.apache.org/mod_mbox/tamaya-dev/201710.mbox/<1129421188.296.1508607639181.JavaMail.jenkins@jenkins-master.apache.org>,apache jenkins server
Sat Oct 21 18:04:44 2017,http://mail-archives.apache.org/mod_mbox/tamaya-dev/201710.mbox/<216326864.302.1508609084335.JavaMail.jenkins@jenkins-master.apache.org>,apache jenkins server
Sat Oct 21 18:39:46 2017,http://mail-archives.apache.org/mod_mbox/tamaya-dev/201710.mbox/<978285119.308.1508611187059.JavaMail.jenkins@jenkins-master.apache.org>,apache jenkins server
Sat Oct 21 18:48:02 2017,http://mail-archives.apache.org/mod_mbox/tamaya-dev/201710.mbox/<1913348848.310.1508611683007.JavaMail.jenkins@jenkins-master.apache.org>,apache jenkins server
Sat Oct 21 18:53:19 2017,http://mail-archives.apache.org/mod_mbox/tamaya-dev/201710.mbox/<873637522.314.1508611999340.JavaMail.jenkins@jenkins-master.apache.org>,apache jenkins server
Sat Oct 21 19:35:27 2017,http://mail-archives.apache.org/mod_mbox/tamaya-dev/201710.mbox/<1234390787.320.1508614527917.JavaMail.jenkins@jenkins-master.apache.org>,apache jenkins server
Sat Oct 21 20:05:48 2017,http://mail-archives.apache.org/mod_mbox/tamaya-dev/201710.mbox/<991219565.325.1508616348596.JavaMail.jenkins@jenkins-master.apache.org>,apache jenkins server
Sat Oct 21 20:19:33 2017,http://mail-archives.apache.org/mod_mbox/tamaya-dev/201710.mbox/<1033009767.328.1508617173652.JavaMail.jenkins@jenkins-master.apache.org>,apache jenkins server
Sat Oct 21 20:20:15 2017,http://mail-archives.apache.org/mod_mbox/tamaya-dev/201710.mbox/<1019427647.329.1508617215589.JavaMail.jenkins@jenkins-master.apache.org>,apache jenkins server
Sat Oct 21 20:21:02 2017,http://mail-archives.apache.org/mod_mbox/tamaya-dev/201710.mbox/<882422382.330.1508617262363.JavaMail.jenkins@jenkins-master.apache.org>,apache jenkins server
Sat Oct 21 20:29:06 2017,http://mail-archives.apache.org/mod_mbox/tamaya-dev/201710.mbox/<1575020573.331.1508617746370.JavaMail.jenkins@jenkins-master.apache.org>,apache jenkins server
Sat Oct 21 20:36:37 2017,http://mail-archives.apache.org/mod_mbox/tamaya-dev/201710.mbox/<684169929.332.1508618198059.JavaMail.jenkins@jenkins-master.apache.org>,apache jenkins server
Sat Oct 21 20:41:41 2017,http://mail-archives.apache.org/mod_mbox/tamaya-dev/201710.mbox/<388975586.333.1508618501760.JavaMail.jenkins@jenkins-master.apache.org>,apache jenkins server
Sat Oct 21 20:41:49 2017,http://mail-archives.apache.org/mod_mbox/tamaya-dev/201710.mbox/<893370297.334.1508618509316.JavaMail.jenkins@jenkins-master.apache.org>,apache jenkins server
Sat Oct 21 20:49:21 2017,http://mail-archives.apache.org/mod_mbox/tamaya-dev/201710.mbox/<1833240934.335.1508618961732.JavaMail.jenkins@jenkins-master.apache.org>,apache jenkins server
Sat Oct 21 20:50:31 2017,http://mail-archives.apache.org/mod_mbox/tamaya-dev/201710.mbox/<793114269.336.1508619031749.JavaMail.jenkins@jenkins-master.apache.org>,apache jenkins server
Sat Oct 21 20:59:31 2017,http://mail-archives.apache.org/mod_mbox/tamaya-dev/201710.mbox/<867885835.340.1508619571812.JavaMail.jenkins@jenkins-master.apache.org>,apache jenkins server
Sat Oct 21 21:01:10 2017,http://mail-archives.apache.org/mod_mbox/tamaya-dev/201710.mbox/<1715904917.341.1508619670310.JavaMail.jenkins@jenkins-master.apache.org>,apache jenkins server
Sat Oct 21 21:08:39 2017,http://mail-archives.apache.org/mod_mbox/tamaya-dev/201710.mbox/<692084237.343.1508620119629.JavaMail.jenkins@jenkins-master.apache.org>,apache jenkins server
Sun Oct 22 00:24:55 2017,http://mail-archives.apache.org/mod_mbox/tamaya-dev/201710.mbox/<2130033725.379.1508631895455.JavaMail.jenkins@jenkins-master.apache.org>,apache jenkins server
Sun Oct 22 00:32:56 2017,http://mail-archives.apache.org/mod_mbox/tamaya-dev/201710.mbox/<646623471.380.1508632377093.JavaMail.jenkins@jenkins-master.apache.org>,apache jenkins server
Sun Oct 22 00:36:10 2017,http://mail-archives.apache.org/mod_mbox/tamaya-dev/201710.mbox/<1254582809.381.1508632570906.JavaMail.jenkins@jenkins-master.apache.org>,apache jenkins server
Sun Oct 22 00:36:26 2017,http://mail-archives.apache.org/mod_mbox/tamaya-dev/201710.mbox/<988572543.382.1508632586972.JavaMail.jenkins@jenkins-master.apache.org>,apache jenkins server
Sun Oct 22 00:36:27 2017,http://mail-archives.apache.org/mod_mbox/tamaya-dev/201710.mbox/<1377759045.383.1508632587768.JavaMail.jenkins@jenkins-master.apache.org>,apache jenkins server
Sun Oct 22 01:35:53 2017,http://mail-archives.apache.org/mod_mbox/tamaya-dev/201710.mbox/<166018123.384.1508636153940.JavaMail.jenkins@jenkins-master.apache.org>,apache jenkins server
Sun Oct 22 10:46:04 2017,http://mail-archives.apache.org/mod_mbox/tamaya-dev/201710.mbox/<495977210.530.1508669164798.JavaMail.jenkins@jenkins-master.apache.org>,apache jenkins server
Sun Oct 22 10:46:08 2017,http://mail-archives.apache.org/mod_mbox/tamaya-dev/201710.mbox/<265924224.532.1508669169175.JavaMail.jenkins@jenkins-master.apache.org>,apache jenkins server
Sun Oct 22 10:46:08 2017,http://mail-archives.apache.org/mod_mbox/tamaya-dev/201710.mbox/<1033206293.531.1508669168333.JavaMail.jenkins@jenkins-master.apache.org>,apache jenkins server
Sun Oct 22 15:48:51 2017,http://mail-archives.apache.org/mod_mbox/tamaya-dev/201710.mbox/<498812774.583.1508687331346.JavaMail.jenkins@jenkins-master.apache.org>,apache jenkins server
Sun Oct 22 16:01:57 2017,http://mail-archives.apache.org/mod_mbox/tamaya-dev/201710.mbox/<875444863.585.1508688117549.JavaMail.jenkins@jenkins-master.apache.org>,apache jenkins server
Sun Oct 22 18:06:32 2017,http://mail-archives.apache.org/mod_mbox/tamaya-dev/201710.mbox/<468444688.596.1508695592818.JavaMail.jenkins@jenkins-master.apache.org>,apache jenkins server
Sun Oct 22 18:06:36 2017,http://mail-archives.apache.org/mod_mbox/tamaya-dev/201710.mbox/<2108260903.597.1508695596313.JavaMail.jenkins@jenkins-master.apache.org>,apache jenkins server
Sun Oct 22 18:06:37 2017,http://mail-archives.apache.org/mod_mbox/tamaya-dev/201710.mbox/<935542733.598.1508695597111.JavaMail.jenkins@jenkins-master.apache.org>,apache jenkins server
Sun Oct 22 18:11:31 2017,http://mail-archives.apache.org/mod_mbox/tamaya-dev/201710.mbox/<322897858.599.1508695891603.JavaMail.jenkins@jenkins-master.apache.org>,apache jenkins server
Sun Oct 22 21:12:21 2017,http://mail-archives.apache.org/mod_mbox/tamaya-dev/201710.mbox/<564162754.640.1508706741406.JavaMail.jenkins@jenkins-master.apache.org>,apache jenkins server
Sun Oct 22 21:31:15 2017,http://mail-archives.apache.org/mod_mbox/tamaya-dev/201710.mbox/<1602655727.643.1508707875864.JavaMail.jenkins@jenkins-master.apache.org>,apache jenkins server
Mon Oct 23 01:02:45 2017,http://mail-archives.apache.org/mod_mbox/tamaya-dev/201710.mbox/<1330469814.671.1508720565180.JavaMail.jenkins@jenkins-master.apache.org>,apache jenkins server
Mon Oct 23 01:32:49 2017,http://mail-archives.apache.org/mod_mbox/tamaya-dev/201710.mbox/<174563157.672.1508722369629.JavaMail.jenkins@jenkins-master.apache.org>,apache jenkins server
Mon Oct 23 05:55:57 2017,http://mail-archives.apache.org/mod_mbox/tamaya-dev/201710.mbox/<2106027936.724.1508738157224.JavaMail.jenkins@jenkins-master.apache.org>,apache jenkins server
Tue Oct 24 04:51:24 2017,http://mail-archives.apache.org/mod_mbox/tamaya-dev/201710.mbox/<664306495.1170.1508820684449.JavaMail.jenkins@jenkins-master.apache.org>,apache jenkins server
Tue Oct 24 04:59:03 2017,http://mail-archives.apache.org/mod_mbox/tamaya-dev/201710.mbox/<48561938.1173.1508821143382.JavaMail.jenkins@jenkins-master.apache.org>,apache jenkins server
Tue Oct 24 05:08:37 2017,http://mail-archives.apache.org/mod_mbox/tamaya-dev/201710.mbox/<1047017452.1179.1508821717281.JavaMail.jenkins@jenkins-master.apache.org>,apache jenkins server
Tue Oct 24 05:35:15 2017,http://mail-archives.apache.org/mod_mbox/tamaya-dev/201710.mbox/<739556245.1186.1508823315287.JavaMail.jenkins@jenkins-master.apache.org>,apache jenkins server
Tue Oct 24 06:07:36 2017,http://mail-archives.apache.org/mod_mbox/tamaya-dev/201710.mbox/<1816117250.1191.1508825256277.JavaMail.jenkins@jenkins-master.apache.org>,apache jenkins server
Tue Oct 24 19:37:06 2017,http://mail-archives.apache.org/mod_mbox/tamaya-dev/201710.mbox/<651082431.1407.1508873826964.JavaMail.jenkins@jenkins-master.apache.org>,apache jenkins server
Tue Oct 24 22:16:22 2017,http://mail-archives.apache.org/mod_mbox/tamaya-dev/201710.mbox/<1170423170.1456.1508883382918.JavaMail.jenkins@jenkins-master.apache.org>,apache jenkins server
Tue Oct 24 23:02:22 2017,http://mail-archives.apache.org/mod_mbox/tamaya-dev/201710.mbox/<1326569296.1467.1508886142729.JavaMail.jenkins@jenkins-master.apache.org>,apache jenkins server
Tue Oct 24 23:33:34 2017,http://mail-archives.apache.org/mod_mbox/tamaya-dev/201710.mbox/<2039524310.1475.1508888014869.JavaMail.jenkins@jenkins-master.apache.org>,apache jenkins server
Wed Oct 25 00:40:54 2017,http://mail-archives.apache.org/mod_mbox/tamaya-dev/201710.mbox/<857336915.1484.1508892054627.JavaMail.jenkins@jenkins-master.apache.org>,apache jenkins server
Wed Oct 25 00:53:55 2017,http://mail-archives.apache.org/mod_mbox/tamaya-dev/201710.mbox/<1400889632.1493.1508892835257.JavaMail.jenkins@jenkins-master.apache.org>,apache jenkins server
Wed Oct 25 01:29:43 2017,http://mail-archives.apache.org/mod_mbox/tamaya-dev/201710.mbox/<1263053213.1502.1508894983149.JavaMail.jenkins@jenkins-master.apache.org>,apache jenkins server
Wed Oct 25 02:31:13 2017,http://mail-archives.apache.org/mod_mbox/tamaya-dev/201710.mbox/<488454714.1510.1508898673289.JavaMail.jenkins@jenkins-master.apache.org>,apache jenkins server
Thu Oct 26 17:05:10 2017,http://mail-archives.apache.org/mod_mbox/tamaya-dev/201710.mbox/<1039999103.16.1509037510426.JavaMail.jenkins@jenkins-master.apache.org>,apache jenkins server
Thu Oct 26 18:49:16 2017,http://mail-archives.apache.org/mod_mbox/tamaya-dev/201710.mbox/<1594744616.102.1509043756604.JavaMail.jenkins@jenkins-master.apache.org>,apache jenkins server
Thu Oct 26 22:07:04 2017,http://mail-archives.apache.org/mod_mbox/tamaya-dev/201710.mbox/<61083433.212.1509055624722.JavaMail.jenkins@jenkins-master.apache.org>,apache jenkins server
Thu Oct 26 22:30:15 2017,http://mail-archives.apache.org/mod_mbox/tamaya-dev/201710.mbox/<374752890.227.1509057015489.JavaMail.jenkins@jenkins-master.apache.org>,apache jenkins server
Fri Oct 27 00:33:11 2017,http://mail-archives.apache.org/mod_mbox/tamaya-dev/201710.mbox/<1331507889.271.1509064391793.JavaMail.jenkins@jenkins-master.apache.org>,apache jenkins server
Fri Oct 27 18:35:54 2017,http://mail-archives.apache.org/mod_mbox/tamaya-dev/201710.mbox/<207413188.598.1509129354011.JavaMail.jenkins@jenkins-master.apache.org>,apache jenkins server
Sat Oct 28 00:24:11 2017,http://mail-archives.apache.org/mod_mbox/tamaya-dev/201710.mbox/<540787486.714.1509150251892.JavaMail.jenkins@jenkins-master.apache.org>,apache jenkins server
Sat Oct 28 19:48:58 2017,http://mail-archives.apache.org/mod_mbox/tamaya-dev/201710.mbox/<902650265.891.1509220138406.JavaMail.jenkins@jenkins-master.apache.org>,apache jenkins server
Sat Oct 28 20:13:53 2017,http://mail-archives.apache.org/mod_mbox/tamaya-dev/201710.mbox/<2062030664.896.1509221633821.JavaMail.jenkins@jenkins-master.apache.org>,apache jenkins server
Sun Oct 29 00:39:48 2017,http://mail-archives.apache.org/mod_mbox/tamaya-dev/201710.mbox/<1843190636.917.1509237588203.JavaMail.jenkins@jenkins-master.apache.org>,apache jenkins server
Sun Oct 29 01:00:56 2017,http://mail-archives.apache.org/mod_mbox/tamaya-dev/201710.mbox/<764067788.920.1509238856749.JavaMail.jenkins@jenkins-master.apache.org>,apache jenkins server
Sun Oct 29 21:48:50 2017,http://mail-archives.apache.org/mod_mbox/tamaya-dev/201710.mbox/<115493586.1053.1509313730650.JavaMail.jenkins@jenkins-master.apache.org>,apache jenkins server
Mon Oct 30 00:37:33 2017,http://mail-archives.apache.org/mod_mbox/tamaya-dev/201710.mbox/<1972161672.1072.1509323853390.JavaMail.jenkins@jenkins-master.apache.org>,apache jenkins server
Mon Oct 30 01:53:22 2017,http://mail-archives.apache.org/mod_mbox/tamaya-dev/201710.mbox/<1474766542.1078.1509328402283.JavaMail.jenkins@jenkins-master.apache.org>,apache jenkins server
Mon Oct 30 18:27:46 2017,http://mail-archives.apache.org/mod_mbox/tamaya-dev/201710.mbox/<1982978422.1253.1509388067031.JavaMail.jenkins@jenkins-master.apache.org>,apache jenkins server
Tue Oct 31 00:31:14 2017,http://mail-archives.apache.org/mod_mbox/tamaya-dev/201710.mbox/<579719262.7.1509409874364.JavaMail.jenkins@jenkins-master.apache.org>,apache jenkins server
Tue Oct 31 00:40:17 2017,http://mail-archives.apache.org/mod_mbox/tamaya-dev/201710.mbox/<1394614320.8.1509410417241.JavaMail.jenkins@jenkins-master.apache.org>,apache jenkins server
Tue Oct 31 00:59:28 2017,http://mail-archives.apache.org/mod_mbox/tamaya-dev/201710.mbox/<1648486013.15.1509411568752.JavaMail.jenkins@jenkins-master.apache.org>,apache jenkins server
Tue Oct 31 09:29:51 2017,http://mail-archives.apache.org/mod_mbox/tamaya-dev/201710.mbox/<1224288140.92.1509442191527.JavaMail.jenkins@jenkins-master.apache.org>,apache jenkins server
