human_date_time,link,dealised_author_full_name
Wed Aug  5 10:16:46 2020,http://mail-archives.apache.org/mod_mbox/iotdb-commits/202008.mbox/<20200805101646.3EFED804FC@gitbox.apache.org>,boris zhu
Wed Aug  5 10:16:47 2020,http://mail-archives.apache.org/mod_mbox/iotdb-commits/202008.mbox/<20200805101646.3FADC8242E@gitbox.apache.org>,boris zhu
Thu Aug  6 09:13:28 2020,http://mail-archives.apache.org/mod_mbox/iotdb-commits/202008.mbox/<20200806091328.9FE21804FC@gitbox.apache.org>,boris zhu
Thu Aug 13 12:05:31 2020,http://mail-archives.apache.org/mod_mbox/iotdb-commits/202008.mbox/<20200813120530.EDC5B82436@gitbox.apache.org>,boris zhu
Sat Aug 15 08:25:17 2020,http://mail-archives.apache.org/mod_mbox/iotdb-commits/202008.mbox/<20200815082517.6F03C890B9@gitbox.apache.org>,boris zhu
Sat Aug 15 08:25:18 2020,http://mail-archives.apache.org/mod_mbox/iotdb-commits/202008.mbox/<20200815082517.6E467804FC@gitbox.apache.org>,boris zhu
Sun Aug 16 14:09:19 2020,http://mail-archives.apache.org/mod_mbox/iotdb-commits/202008.mbox/<20200816140920.6CC26890B6@gitbox.apache.org>,boris zhu
Mon Aug 17 01:45:46 2020,http://mail-archives.apache.org/mod_mbox/iotdb-commits/202008.mbox/<20200817014546.9EDD8804FC@gitbox.apache.org>,boris zhu
Thu Aug 27 11:43:55 2020,http://mail-archives.apache.org/mod_mbox/iotdb-dev/202008.mbox/<CADuTACbSUCoZD=cXPpWJTiFUuNidYHAntAGCor9k4aqJ9esUEw@mail.gmail.com>,boris zhu
Thu Aug 27 16:33:56 2020,http://mail-archives.apache.org/mod_mbox/iotdb-dev/202008.mbox/<CADuTACZbYW90Fbgd2PUF2zciGp=vm+s02DoV5PfUiY9fRzva4A@mail.gmail.com>,boris zhu
Thu Aug 27 18:53:44 2020,http://mail-archives.apache.org/mod_mbox/iotdb-dev/202008.mbox/<CADuTACabXUaxi4t4fptLj-wVBY_3DgXV4LL-L6UYJEnaGuYYTw@mail.gmail.com>,boris zhu
Mon Aug 31 11:27:03 2020,http://mail-archives.apache.org/mod_mbox/iotdb-commits/202008.mbox/<20200831112703.5C42180902@gitbox.apache.org>,boris zhu
