human_date_time,link,dealised_author_full_name
Tue Jan 19 14:35:27 2010,http://mail-archives.apache.org/mod_mbox/subversion-commits/201001.mbox/<20100119143527.1DE5B238897D@eris.apache.org>,kamesh j
Tue Jan 19 14:54:07 2010,http://mail-archives.apache.org/mod_mbox/subversion-commits/201001.mbox/<20100119145407.C0E4B23888E3@eris.apache.org>,kamesh j
