human_date_time,link,dealised_author_full_name
Tue Aug 11 22:43:30 2015,http://mail-archives.apache.org/mod_mbox/reef-dev/201508.mbox/<55cadd19.83e4420a.80cb9.ffffd0e0@mx.google.com>,boris shulman
Fri Aug 28 12:18:03 2015,http://mail-archives.apache.org/mod_mbox/reef-dev/201508.mbox/<55e0b3ed.49e1440a.4d451.1f34@mx.google.com>,boris shulman
Fri Aug 28 20:35:45 2015,http://mail-archives.apache.org/mod_mbox/reef-dev/201508.mbox/<JIRA.12860416.1440794107000.198039.1440794145661@Atlassian.JIRA>,boris shulman
Fri Aug 28 20:39:45 2015,http://mail-archives.apache.org/mod_mbox/reef-dev/201508.mbox/<JIRA.12860416.1440794107000.198066.1440794385659@Atlassian.JIRA>,boris shulman
