human_date_time,link,dealised_author_full_name
Fri Jun  1 05:42:30 2007,http://mail-archives.apache.org/mod_mbox/servicemix-users/200706.mbox/<10912122.post@talk.nabble.com>,arif mohd
Fri Jun  1 06:03:27 2007,http://mail-archives.apache.org/mod_mbox/servicemix-users/200706.mbox/<10912524.post@talk.nabble.com>,arif mohd
Fri Jun  1 06:49:15 2007,http://mail-archives.apache.org/mod_mbox/servicemix-users/200706.mbox/<10913192.post@talk.nabble.com>,arif mohd
Sat Jun  2 04:49:48 2007,http://mail-archives.apache.org/mod_mbox/servicemix-users/200706.mbox/<10926558.post@talk.nabble.com>,arif mohd
Sun Jun  3 07:53:19 2007,http://mail-archives.apache.org/mod_mbox/servicemix-users/200706.mbox/<10937309.post@talk.nabble.com>,arif mohd
Mon Jun  4 02:28:44 2007,http://mail-archives.apache.org/mod_mbox/servicemix-users/200706.mbox/<10946381.post@talk.nabble.com>,arif mohd
Mon Jun  4 03:30:38 2007,http://mail-archives.apache.org/mod_mbox/servicemix-users/200706.mbox/<10947269.post@talk.nabble.com>,arif mohd
Mon Jun  4 08:18:46 2007,http://mail-archives.apache.org/mod_mbox/servicemix-users/200706.mbox/<10951856.post@talk.nabble.com>,arif mohd
Mon Jun  4 22:30:51 2007,http://mail-archives.apache.org/mod_mbox/servicemix-users/200706.mbox/<10963364.post@talk.nabble.com>,arif mohd
Mon Jun  4 23:09:02 2007,http://mail-archives.apache.org/mod_mbox/servicemix-users/200706.mbox/<10963721.post@talk.nabble.com>,arif mohd
Tue Jun  5 00:50:52 2007,http://mail-archives.apache.org/mod_mbox/servicemix-users/200706.mbox/<10964980.post@talk.nabble.com>,arif mohd
Tue Jun  5 06:26:00 2007,http://mail-archives.apache.org/mod_mbox/servicemix-users/200706.mbox/<10969401.post@talk.nabble.com>,arif mohd
Tue Jun  5 07:26:27 2007,http://mail-archives.apache.org/mod_mbox/servicemix-users/200706.mbox/<10970661.post@talk.nabble.com>,arif mohd
Tue Jun  5 08:26:58 2007,http://mail-archives.apache.org/mod_mbox/servicemix-users/200706.mbox/<10971826.post@talk.nabble.com>,arif mohd
Tue Jun  5 23:43:57 2007,http://mail-archives.apache.org/mod_mbox/servicemix-users/200706.mbox/<10983214.post@talk.nabble.com>,arif mohd
Thu Jun  7 00:41:40 2007,http://mail-archives.apache.org/mod_mbox/servicemix-users/200706.mbox/<11003386.post@talk.nabble.com>,arif mohd
Fri Jun  8 04:01:10 2007,http://mail-archives.apache.org/mod_mbox/servicemix-users/200706.mbox/<11024404.post@talk.nabble.com>,arif mohd
Sun Jun 10 23:17:01 2007,http://mail-archives.apache.org/mod_mbox/servicemix-users/200706.mbox/<11055555.post@talk.nabble.com>,arif mohd
Mon Jun 11 00:25:56 2007,http://mail-archives.apache.org/mod_mbox/servicemix-users/200706.mbox/<11056086.post@talk.nabble.com>,arif mohd
Mon Jun 11 05:48:15 2007,http://mail-archives.apache.org/mod_mbox/servicemix-users/200706.mbox/<11059965.post@talk.nabble.com>,arif mohd
Mon Jun 11 06:43:39 2007,http://mail-archives.apache.org/mod_mbox/servicemix-users/200706.mbox/<11060880.post@talk.nabble.com>,arif mohd
Mon Jun 11 06:58:10 2007,http://mail-archives.apache.org/mod_mbox/servicemix-users/200706.mbox/<11061143.post@talk.nabble.com>,arif mohd
Tue Jun 12 05:54:10 2007,http://mail-archives.apache.org/mod_mbox/servicemix-users/200706.mbox/<11078291.post@talk.nabble.com>,arif mohd
Tue Jun 12 08:21:07 2007,http://mail-archives.apache.org/mod_mbox/servicemix-users/200706.mbox/<11080875.post@talk.nabble.com>,arif mohd
Tue Jun 12 22:29:11 2007,http://mail-archives.apache.org/mod_mbox/servicemix-users/200706.mbox/<11092996.post@talk.nabble.com>,arif mohd
Tue Jun 12 22:51:27 2007,http://mail-archives.apache.org/mod_mbox/servicemix-users/200706.mbox/<11093144.post@talk.nabble.com>,arif mohd
Wed Jun 13 03:54:57 2007,http://mail-archives.apache.org/mod_mbox/servicemix-users/200706.mbox/<11096928.post@talk.nabble.com>,arif mohd
Wed Jun 13 05:02:51 2007,http://mail-archives.apache.org/mod_mbox/servicemix-users/200706.mbox/<11097917.post@talk.nabble.com>,arif mohd
Wed Jun 13 22:00:24 2007,http://mail-archives.apache.org/mod_mbox/servicemix-users/200706.mbox/<11113884.post@talk.nabble.com>,arif mohd
Wed Jun 13 22:21:17 2007,http://mail-archives.apache.org/mod_mbox/servicemix-users/200706.mbox/<11114043.post@talk.nabble.com>,arif mohd
Wed Jun 13 22:26:40 2007,http://mail-archives.apache.org/mod_mbox/servicemix-users/200706.mbox/<11114088.post@talk.nabble.com>,arif mohd
Wed Jun 13 22:50:18 2007,http://mail-archives.apache.org/mod_mbox/servicemix-users/200706.mbox/<11114296.post@talk.nabble.com>,arif mohd
Thu Jun 14 01:31:38 2007,http://mail-archives.apache.org/mod_mbox/servicemix-users/200706.mbox/<11116073.post@talk.nabble.com>,arif mohd
Thu Jun 14 03:14:14 2007,http://mail-archives.apache.org/mod_mbox/servicemix-users/200706.mbox/<11117347.post@talk.nabble.com>,arif mohd
Thu Jun 14 03:53:08 2007,http://mail-archives.apache.org/mod_mbox/servicemix-users/200706.mbox/<11117964.post@talk.nabble.com>,arif mohd
Thu Jun 14 03:56:42 2007,http://mail-archives.apache.org/mod_mbox/servicemix-users/200706.mbox/<11118010.post@talk.nabble.com>,arif mohd
Thu Jun 14 07:51:35 2007,http://mail-archives.apache.org/mod_mbox/servicemix-users/200706.mbox/<11121508.post@talk.nabble.com>,arif mohd
Fri Jun 15 04:31:20 2007,http://mail-archives.apache.org/mod_mbox/servicemix-users/200706.mbox/<11137550.post@talk.nabble.com>,arif mohd
Fri Jun 15 04:37:06 2007,http://mail-archives.apache.org/mod_mbox/servicemix-users/200706.mbox/<11137678.post@talk.nabble.com>,arif mohd
Fri Jun 15 05:17:12 2007,http://mail-archives.apache.org/mod_mbox/servicemix-users/200706.mbox/<11138292.post@talk.nabble.com>,arif mohd
Fri Jun 15 08:53:07 2007,http://mail-archives.apache.org/mod_mbox/servicemix-users/200706.mbox/<11142490.post@talk.nabble.com>,arif mohd
Sat Jun 16 03:39:42 2007,http://mail-archives.apache.org/mod_mbox/servicemix-users/200706.mbox/<11152985.post@talk.nabble.com>,arif mohd
Mon Jun 18 01:40:14 2007,http://mail-archives.apache.org/mod_mbox/servicemix-users/200706.mbox/<11171734.post@talk.nabble.com>,arif mohd
Mon Jun 18 01:45:31 2007,http://mail-archives.apache.org/mod_mbox/servicemix-users/200706.mbox/<11171828.post@talk.nabble.com>,arif mohd
Mon Jun 18 01:46:37 2007,http://mail-archives.apache.org/mod_mbox/servicemix-users/200706.mbox/<11171840.post@talk.nabble.com>,arif mohd
Mon Jun 18 07:49:09 2007,http://mail-archives.apache.org/mod_mbox/servicemix-users/200706.mbox/<11177179.post@talk.nabble.com>,arif mohd
Tue Jun 19 00:11:02 2007,http://mail-archives.apache.org/mod_mbox/servicemix-users/200706.mbox/<11189640.post@talk.nabble.com>,arif mohd
Tue Jun 19 05:06:27 2007,http://mail-archives.apache.org/mod_mbox/servicemix-users/200706.mbox/<11193283.post@talk.nabble.com>,arif mohd
Tue Jun 19 22:18:29 2007,http://mail-archives.apache.org/mod_mbox/servicemix-users/200706.mbox/<11207283.post@talk.nabble.com>,arif mohd
Tue Jun 19 23:04:00 2007,http://mail-archives.apache.org/mod_mbox/servicemix-users/200706.mbox/<11207639.post@talk.nabble.com>,arif mohd
Wed Jun 20 06:55:20 2007,http://mail-archives.apache.org/mod_mbox/servicemix-users/200706.mbox/<11213830.post@talk.nabble.com>,arif mohd
Wed Jun 20 07:03:00 2007,http://mail-archives.apache.org/mod_mbox/servicemix-users/200706.mbox/<11214068.post@talk.nabble.com>,arif mohd
Wed Jun 20 23:08:56 2007,http://mail-archives.apache.org/mod_mbox/servicemix-users/200706.mbox/<11227175.post@talk.nabble.com>,arif mohd
Fri Jun 29 03:21:52 2007,http://mail-archives.apache.org/mod_mbox/servicemix-users/200706.mbox/<11358068.post@talk.nabble.com>,arif mohd
